7.3645e+05,0
7.3645e+05,0
7.3645e+05,0
7.3645e+05,0
7.3645e+05,37.038
7.3645e+05,168.02
7.3645e+05,242.1
7.3645e+05,560.07
7.3645e+05,441.14
7.3645e+05,372.26
7.3645e+05,156.06
7.3645e+05,409.61
7.3645e+05,700.16
7.3645e+05,609.4
7.3645e+05,329.09
7.3645e+05,149.5
7.3645e+05,106.47
7.3645e+05,14.016
7.3645e+05,0
7.3645e+05,0
7.3645e+05,0
7.3645e+05,0
7.3645e+05,0
7.3645e+05,0
7.3645e+05,0
7.3645e+05,0
7.3645e+05,0
7.3645e+05,0
7.3645e+05,34.648
7.3645e+05,143.34
7.3645e+05,455.72
7.3645e+05,1137.9
7.3645e+05,1706.3
7.3645e+05,1897.7
7.3645e+05,1425.3
7.3645e+05,1452.4
7.3645e+05,1278.3
7.3645e+05,640.55
7.3645e+05,426.04
7.3645e+05,525.36
7.3645e+05,344.29
7.3645e+05,139.77
7.3645e+05,6.7917
7.3645e+05,0
7.3645e+05,0
7.3645e+05,0
7.3645e+05,0
7.3645e+05,0
7.3645e+05,0
7.3645e+05,0
7.3645e+05,0
7.3645e+05,0
7.3645e+05,61.149
7.3645e+05,218.78
7.3645e+05,608.93
7.3645e+05,1139
7.3645e+05,1584.7
7.3645e+05,1267.5
7.3645e+05,2225.1
7.3645e+05,1835.4
7.3645e+05,481.6
7.3645e+05,1236.4
7.3645e+05,1113.9
7.3645e+05,179.59
7.3645e+05,23.356
7.3645e+05,111.8
7.3645e+05,10.854
7.3645e+05,0
7.3645e+05,0
7.3645e+05,0
7.3645e+05,0
7.3645e+05,0
7.3645e+05,0
7.3645e+05,0
7.3645e+05,0
7.3645e+05,0
7.3645e+05,52.04
7.3645e+05,167.96
7.3645e+05,506.11
7.3645e+05,1015.9
7.3645e+05,1954.2
7.3645e+05,1875.4
7.3645e+05,1754.6
7.3645e+05,1881.8
7.3645e+05,2075.9
7.3645e+05,2004.8
7.3645e+05,1229.4
7.3645e+05,566.43
7.3645e+05,305.25
7.3645e+05,94.463
7.3645e+05,5.9798
7.3645e+05,0
7.3645e+05,0
7.3645e+05,0
7.3645e+05,0
7.3645e+05,0
7.3646e+05,0
7.3646e+05,0
7.3646e+05,0
7.3646e+05,0
7.3646e+05,35.463
7.3646e+05,108.89
7.3646e+05,516.1
7.3646e+05,1150.5
7.3646e+05,1503.8
7.3646e+05,1883.8
7.3646e+05,1906.5
7.3646e+05,2155.5
7.3646e+05,2647.1
7.3646e+05,2470.2
7.3646e+05,2116
7.3646e+05,1137.9
7.3646e+05,317.3
7.3646e+05,69.722
7.3646e+05,7.4816
7.3646e+05,0
7.3646e+05,0
7.3646e+05,0
7.3646e+05,0
7.3646e+05,0
7.3646e+05,0
7.3646e+05,0
7.3646e+05,0
7.3646e+05,0
7.3646e+05,33.292
7.3646e+05,97.548
7.3646e+05,512.97
7.3646e+05,1230.8
7.3646e+05,1799.2
7.3646e+05,2200.1
7.3646e+05,2467.3
7.3646e+05,2568.5
7.3646e+05,2530.6
7.3646e+05,2349.1
7.3646e+05,2020
7.3646e+05,1282.1
7.3646e+05,309.47
7.3646e+05,67.029
7.3646e+05,7.7595
7.3646e+05,0
7.3646e+05,0
7.3646e+05,0
7.3646e+05,0
7.3646e+05,0
7.3646e+05,0
7.3646e+05,0
7.3646e+05,0
7.3646e+05,0
7.3646e+05,34.762
7.3646e+05,97.957
7.3646e+05,505.34
7.3646e+05,1201.8
7.3646e+05,1761.2
7.3646e+05,2156
7.3646e+05,2429
7.3646e+05,2558.5
7.3646e+05,2543.4
7.3646e+05,2368.9
7.3646e+05,2063.3
7.3646e+05,1109.1
7.3646e+05,310.54
7.3646e+05,62.82
7.3646e+05,8.7074
7.3646e+05,0
7.3646e+05,0
7.3646e+05,0
7.3646e+05,0
7.3646e+05,0
7.3646e+05,0
7.3646e+05,0
7.3646e+05,0
7.3646e+05,0
7.3646e+05,39.452
7.3646e+05,101.91
7.3646e+05,516.3
7.3646e+05,1216.2
7.3646e+05,1788.7
7.3646e+05,2223.2
7.3646e+05,2467.9
7.3646e+05,2583.1
7.3646e+05,2563.5
7.3646e+05,2393.4
7.3646e+05,2074.8
7.3646e+05,1118
7.3646e+05,321.78
7.3646e+05,73.533
7.3646e+05,9.2072
7.3646e+05,0
7.3646e+05,0
7.3646e+05,0
7.3646e+05,0
7.3646e+05,0
7.3646e+05,0
7.3646e+05,0
7.3646e+05,0
7.3646e+05,0
7.3646e+05,36.671
7.3646e+05,95.241
7.3646e+05,527
7.3646e+05,1243.3
7.3646e+05,1835.3
7.3646e+05,2197.6
7.3646e+05,2363.4
7.3646e+05,2293.1
7.3646e+05,2100
7.3646e+05,2023.2
7.3646e+05,1859.8
7.3646e+05,1031.4
7.3646e+05,373.86
7.3646e+05,80.972
7.3646e+05,6.8014
7.3646e+05,0
7.3646e+05,0
7.3646e+05,0
7.3646e+05,0
7.3646e+05,0
7.3646e+05,0
7.3646e+05,0
7.3646e+05,0
7.3646e+05,0
7.3646e+05,97.379
7.3646e+05,272.1
7.3646e+05,613.81
7.3646e+05,546.01
7.3646e+05,817.91
7.3646e+05,808.13
7.3646e+05,530.94
7.3646e+05,751.69
7.3646e+05,742.47
7.3646e+05,650.76
7.3646e+05,1170.9
7.3646e+05,547.15
7.3646e+05,251.44
7.3646e+05,107.89
7.3646e+05,8.9288
7.3646e+05,0
7.3646e+05,0
7.3646e+05,0
7.3646e+05,0
7.3646e+05,0
7.3646e+05,0
7.3646e+05,0
7.3646e+05,0
7.3646e+05,0
7.3646e+05,124.16
7.3646e+05,387.09
7.3646e+05,553.41
7.3646e+05,904.71
7.3646e+05,1432.6
7.3646e+05,2163.6
7.3646e+05,2195.7
7.3646e+05,2115.4
7.3646e+05,1742.9
7.3646e+05,1747.7
7.3646e+05,553.06
7.3646e+05,392.76
7.3646e+05,204.34
7.3646e+05,76.172
7.3646e+05,9.9471
7.3646e+05,0
7.3646e+05,0
7.3646e+05,0
7.3646e+05,0
7.3646e+05,0
7.3646e+05,0
7.3646e+05,0
7.3646e+05,0
7.3646e+05,0
7.3646e+05,47.791
7.3646e+05,220.03
7.3646e+05,474.06
7.3646e+05,260.08
7.3646e+05,238.03
7.3646e+05,452.4
7.3646e+05,617.33
7.3646e+05,870.17
7.3646e+05,318.04
7.3646e+05,285.51
7.3646e+05,81.075
7.3646e+05,93.928
7.3646e+05,164.13
7.3646e+05,70.619
7.3646e+05,3.9071
7.3646e+05,0
7.3646e+05,0
7.3646e+05,0
7.3646e+05,0
7.3646e+05,0
7.3646e+05,0
7.3646e+05,0
7.3646e+05,0
7.3646e+05,0
7.3646e+05,43.333
7.3646e+05,117.53
7.3646e+05,90.594
7.3646e+05,174.68
7.3646e+05,317.6
7.3646e+05,290.8
7.3646e+05,269.91
7.3646e+05,355.37
7.3646e+05,404.25
7.3646e+05,913.68
7.3646e+05,1141.5
7.3646e+05,366.91
7.3646e+05,8.915
7.3646e+05,11.452
7.3646e+05,0
7.3646e+05,0
7.3646e+05,0
7.3646e+05,0
7.3646e+05,0
7.3646e+05,0
7.3646e+05,0
7.3646e+05,0
7.3646e+05,0
7.3646e+05,0
7.3646e+05,2.9121
7.3646e+05,66.227
7.3646e+05,251.93
7.3646e+05,354.25
7.3646e+05,392.02
7.3646e+05,532.64
7.3646e+05,656.36
7.3646e+05,2360.2
7.3646e+05,1575.6
7.3646e+05,2242.2
7.3646e+05,1050.5
7.3646e+05,240.45
7.3646e+05,108.15
7.3646e+05,2.9178
7.3646e+05,0
7.3646e+05,0
7.3646e+05,0
7.3646e+05,0
7.3646e+05,0
7.3646e+05,0
7.3647e+05,0
7.3647e+05,0
7.3647e+05,0
7.3647e+05,0
7.3647e+05,64.632
7.3647e+05,223.41
7.3647e+05,460.32
7.3647e+05,930.38
7.3647e+05,1201.5
7.3647e+05,1030.7
7.3647e+05,1419.1
7.3647e+05,1187.9
7.3647e+05,1553.5
7.3647e+05,1063.9
7.3647e+05,1260.1
7.3647e+05,813.54
7.3647e+05,409.57
7.3647e+05,213.53
7.3647e+05,13.862
7.3647e+05,0
7.3647e+05,0
7.3647e+05,0
7.3647e+05,0
7.3647e+05,0
7.3647e+05,0
7.3647e+05,0
7.3647e+05,0
7.3647e+05,0
7.3647e+05,43.831
7.3647e+05,240.95
7.3647e+05,492.74
7.3647e+05,477.11
7.3647e+05,498.37
7.3647e+05,669.37
7.3647e+05,488.32
7.3647e+05,1109.4
7.3647e+05,883.66
7.3647e+05,462.04
7.3647e+05,302.27
7.3647e+05,100.33
7.3647e+05,110.47
7.3647e+05,96.333
7.3647e+05,12.91
7.3647e+05,0
7.3647e+05,0
7.3647e+05,0
7.3647e+05,0
7.3647e+05,0
7.3647e+05,0
7.3647e+05,0
7.3647e+05,0
7.3647e+05,0.46417
7.3647e+05,101.26
7.3647e+05,301.37
7.3647e+05,302.79
7.3647e+05,314.19
7.3647e+05,869.37
7.3647e+05,1101.9
7.3647e+05,950
7.3647e+05,1695.1
7.3647e+05,1863.9
7.3647e+05,2115.1
7.3647e+05,1330.4
7.3647e+05,766.59
7.3647e+05,514.32
7.3647e+05,165.1
7.3647e+05,23.321
7.3647e+05,0
7.3647e+05,0
7.3647e+05,0
7.3647e+05,0
7.3647e+05,0
7.3647e+05,0
7.3647e+05,0
7.3647e+05,0
7.3647e+05,3.4967
7.3647e+05,81.875
7.3647e+05,149.42
7.3647e+05,571.52
7.3647e+05,1090.1
7.3647e+05,1489.9
7.3647e+05,1333.1
7.3647e+05,2174.3
7.3647e+05,2602.5
7.3647e+05,2563.4
7.3647e+05,2223.9
7.3647e+05,1881.3
7.3647e+05,1135.9
7.3647e+05,481.91
7.3647e+05,180.51
7.3647e+05,31.639
7.3647e+05,0
7.3647e+05,0
7.3647e+05,0
7.3647e+05,0
7.3647e+05,0
7.3647e+05,0
7.3647e+05,0
7.3647e+05,0
7.3647e+05,0
7.3647e+05,12.493
7.3647e+05,103.37
7.3647e+05,255.87
7.3647e+05,315.79
7.3647e+05,400.81
7.3647e+05,829.69
7.3647e+05,461.29
7.3647e+05,632.01
7.3647e+05,513.84
7.3647e+05,367.99
7.3647e+05,342.31
7.3647e+05,195.27
7.3647e+05,83.182
7.3647e+05,14.266
7.3647e+05,0
7.3647e+05,0
7.3647e+05,0
7.3647e+05,0
7.3647e+05,0
7.3647e+05,0
7.3647e+05,0
7.3647e+05,0
7.3647e+05,0
7.3647e+05,0
7.3647e+05,56.659
7.3647e+05,324.62
7.3647e+05,662.1
7.3647e+05,863.88
7.3647e+05,1410.6
7.3647e+05,907.07
7.3647e+05,316.33
7.3647e+05,827.88
7.3647e+05,1807.9
7.3647e+05,1692.1
7.3647e+05,1922.9
7.3647e+05,1174.7
7.3647e+05,643.08
7.3647e+05,175.04
7.3647e+05,23.375
7.3647e+05,0
7.3647e+05,0
7.3647e+05,0
7.3647e+05,0
7.3647e+05,0
7.3647e+05,0
7.3647e+05,0
7.3647e+05,0
7.3647e+05,1.5547
7.3647e+05,51.481
7.3647e+05,126.2
7.3647e+05,636.34
7.3647e+05,1241.4
7.3647e+05,1410.6
7.3647e+05,1783.2
7.3647e+05,2122.4
7.3647e+05,2512.1
7.3647e+05,2394.5
7.3647e+05,2290.5
7.3647e+05,1899.3
7.3647e+05,1110.1
7.3647e+05,503.64
7.3647e+05,202.09
7.3647e+05,30.083
7.3647e+05,0
7.3647e+05,0
7.3647e+05,0
7.3647e+05,0
7.3647e+05,0
7.3647e+05,0
7.3647e+05,0
7.3647e+05,0
7.3647e+05,5.7293
7.3647e+05,85.702
7.3647e+05,129.17
7.3647e+05,543.64
7.3647e+05,1234.6
7.3647e+05,1758.3
7.3647e+05,2139.7
7.3647e+05,2373.2
7.3647e+05,2421.8
7.3647e+05,2424.5
7.3647e+05,2286
7.3647e+05,1963.1
7.3647e+05,1099.6
7.3647e+05,425.1
7.3647e+05,155.79
7.3647e+05,20.918
7.3647e+05,0
7.3647e+05,0
7.3647e+05,0
7.3647e+05,0
7.3647e+05,0
7.3647e+05,0
7.3647e+05,0
7.3647e+05,0
7.3647e+05,0
7.3647e+05,100.92
7.3647e+05,260.86
7.3647e+05,446.69
7.3647e+05,597.02
7.3647e+05,454.93
7.3647e+05,213.39
7.3647e+05,163.75
7.3647e+05,175.83
7.3647e+05,108.64
7.3647e+05,219.91
7.3647e+05,155.59
7.3647e+05,99.713
7.3647e+05,83.2
7.3647e+05,40.733
7.3647e+05,0
7.3647e+05,0
7.3647e+05,0
7.3647e+05,0
7.3647e+05,0
7.3647e+05,0
7.3647e+05,0
7.3647e+05,0
7.3647e+05,0
7.3647e+05,0
7.3647e+05,15.531
7.3647e+05,28.721
7.3647e+05,115.6
7.3647e+05,168.76
7.3647e+05,153.92
7.3647e+05,276.66
7.3647e+05,472.2
7.3647e+05,405.51
7.3647e+05,NaN
7.3647e+05,NaN
7.3647e+05,NaN
7.3647e+05,NaN
7.3647e+05,NaN
7.3647e+05,NaN
7.3647e+05,NaN
7.3647e+05,NaN
7.3647e+05,NaN
7.3647e+05,NaN
7.3647e+05,NaN
7.3647e+05,NaN
7.3648e+05,NaN
7.3648e+05,NaN
7.3648e+05,NaN
7.3648e+05,NaN
7.3648e+05,NaN
7.3648e+05,NaN
7.3648e+05,NaN
7.3648e+05,NaN
7.3648e+05,NaN
7.3648e+05,NaN
7.3648e+05,2674.6
7.3648e+05,1751.1
7.3648e+05,1531
7.3648e+05,2066.3
7.3648e+05,2010.9
7.3648e+05,1278.8
7.3648e+05,529.93
7.3648e+05,186.91
7.3648e+05,32.225
7.3648e+05,0
7.3648e+05,0
7.3648e+05,0
7.3648e+05,0
7.3648e+05,0
7.3648e+05,0
7.3648e+05,0
7.3648e+05,0
7.3648e+05,0
7.3648e+05,80.117
7.3648e+05,246.38
7.3648e+05,563.1
7.3648e+05,1139.4
7.3648e+05,1701.1
7.3648e+05,1895.1
7.3648e+05,1385.2
7.3648e+05,1549.1
7.3648e+05,1648.1
7.3648e+05,2416.8
7.3648e+05,1449.8
7.3648e+05,1160.6
7.3648e+05,448.32
7.3648e+05,111.49
7.3648e+05,20.987
7.3648e+05,0
7.3648e+05,0
7.3648e+05,0
7.3648e+05,0
7.3648e+05,0
7.3648e+05,0
7.3648e+05,0
7.3648e+05,0
7.3648e+05,0.15167
7.3648e+05,117.86
7.3648e+05,276.4
7.3648e+05,554.16
7.3648e+05,575.31
7.3648e+05,1592.2
7.3648e+05,1645.7
7.3648e+05,1490.4
7.3648e+05,2174.7
7.3648e+05,2220.3
7.3648e+05,1689.1
7.3648e+05,1596.5
7.3648e+05,1252
7.3648e+05,526.75
7.3648e+05,130.31
7.3648e+05,21.244
7.3648e+05,0
7.3648e+05,0
7.3648e+05,0
7.3648e+05,0
7.3648e+05,0
7.3648e+05,0
7.3648e+05,0
7.3648e+05,0
7.3648e+05,7.2008
7.3648e+05,81.059
7.3648e+05,113.26
7.3648e+05,219.76
7.3648e+05,968.26
7.3648e+05,1250.4
7.3648e+05,1730.2
7.3648e+05,1928
7.3648e+05,2351
7.3648e+05,2142.5
7.3648e+05,219.41
7.3648e+05,497.58
7.3648e+05,1295.7
7.3648e+05,431.52
7.3648e+05,168.27
7.3648e+05,44.317
7.3648e+05,0
7.3648e+05,0
7.3648e+05,0
7.3648e+05,0
7.3648e+05,0
7.3648e+05,0
7.3648e+05,0
7.3648e+05,0
7.3648e+05,0
7.3648e+05,104.1
7.3648e+05,239.2
7.3648e+05,470.05
7.3648e+05,1160
7.3648e+05,1287.7
7.3648e+05,2084.4
7.3648e+05,2076.9
7.3648e+05,1611.3
7.3648e+05,1015.9
7.3648e+05,1651.9
7.3648e+05,1566.6
7.3648e+05,242.38
7.3648e+05,29.693
7.3648e+05,0
7.3648e+05,1.9129
7.3648e+05,0
7.3648e+05,0
7.3648e+05,0
7.3648e+05,0
7.3648e+05,0
7.3648e+05,0
7.3648e+05,0
7.3648e+05,0
7.3648e+05,0
7.3648e+05,100.89
7.3648e+05,245.53
7.3648e+05,630.07
7.3648e+05,1195.4
7.3648e+05,1609.7
7.3648e+05,1966.7
7.3648e+05,2457.6
7.3648e+05,1351.6
7.3648e+05,1635.1
7.3648e+05,650.13
7.3648e+05,140.86
7.3648e+05,190.77
7.3648e+05,151.5
7.3648e+05,28.99
7.3648e+05,5.9839
7.3648e+05,0
7.3648e+05,0
7.3648e+05,0
7.3648e+05,0
7.3648e+05,0
7.3648e+05,0
7.3648e+05,0
7.3648e+05,0
7.3648e+05,6.1908
7.3648e+05,127.49
7.3648e+05,285.2
7.3648e+05,559.85
7.3648e+05,742.58
7.3648e+05,841.95
7.3648e+05,810.45
7.3648e+05,354.98
7.3648e+05,405.9
7.3648e+05,520.83
7.3648e+05,373.07
7.3648e+05,321.44
7.3648e+05,183.72
7.3648e+05,162.07
7.3648e+05,31.76
7.3648e+05,3.0755
7.3648e+05,0
7.3648e+05,0
7.3648e+05,0
7.3648e+05,0
7.3648e+05,0
7.3648e+05,0
7.3648e+05,0
7.3648e+05,0
7.3648e+05,0
7.3648e+05,28.144
7.3648e+05,152.79
7.3648e+05,451.45
7.3648e+05,757.06
7.3648e+05,890.01
7.3648e+05,1287.4
7.3648e+05,1285.5
7.3648e+05,1321.2
7.3648e+05,674.69
7.3648e+05,1161.2
7.3648e+05,513.26
7.3648e+05,509.6
7.3648e+05,160.07
7.3648e+05,69.655
7.3648e+05,16.533
7.3648e+05,0
7.3648e+05,0
7.3648e+05,0
7.3648e+05,0
7.3648e+05,0
7.3648e+05,0
7.3648e+05,0
7.3648e+05,0
7.3648e+05,0
7.3648e+05,48.235
7.3648e+05,349.55
7.3648e+05,262.68
7.3648e+05,330.8
7.3648e+05,690.21
7.3648e+05,386.71
7.3648e+05,437.04
7.3648e+05,467.2
7.3648e+05,552.3
7.3648e+05,629.5
7.3648e+05,229.38
7.3648e+05,113.77
7.3648e+05,329.82
7.3648e+05,84.682
7.3648e+05,16.022
7.3648e+05,0
7.3648e+05,0
7.3648e+05,0
7.3648e+05,0
7.3648e+05,0
7.3648e+05,NaN
7.3648e+05,NaN
7.3648e+05,NaN
7.3648e+05,NaN
7.3648e+05,NaN
7.3648e+05,NaN
7.3648e+05,NaN
7.3648e+05,NaN
7.3648e+05,NaN
7.3648e+05,NaN
7.3648e+05,NaN
7.3648e+05,NaN
7.3648e+05,NaN
7.3648e+05,NaN
7.3648e+05,NaN
7.3648e+05,NaN
7.3648e+05,NaN
7.3648e+05,NaN
7.3648e+05,NaN
7.3648e+05,NaN
7.3648e+05,NaN
7.3648e+05,NaN
7.3648e+05,NaN
7.3648e+05,NaN
7.3649e+05,NaN
7.3649e+05,NaN
7.3649e+05,NaN
7.3649e+05,NaN
7.3649e+05,NaN
7.3649e+05,NaN
7.3649e+05,NaN
7.3649e+05,NaN
7.3649e+05,NaN
7.3649e+05,NaN
7.3649e+05,NaN
7.3649e+05,NaN
7.3649e+05,NaN
7.3649e+05,NaN
7.3649e+05,NaN
7.3649e+05,NaN
7.3649e+05,NaN
7.3649e+05,NaN
7.3649e+05,NaN
7.3649e+05,NaN
7.3649e+05,NaN
7.3649e+05,NaN
7.3649e+05,NaN
7.3649e+05,NaN
7.3649e+05,NaN
7.3649e+05,NaN
7.3649e+05,NaN
7.3649e+05,NaN
7.3649e+05,NaN
7.3649e+05,NaN
7.3649e+05,NaN
7.3649e+05,NaN
7.3649e+05,NaN
7.3649e+05,NaN
7.3649e+05,NaN
7.3649e+05,NaN
7.3649e+05,NaN
7.3649e+05,NaN
7.3649e+05,NaN
7.3649e+05,NaN
7.3649e+05,NaN
7.3649e+05,NaN
7.3649e+05,NaN
7.3649e+05,NaN
7.3649e+05,NaN
7.3649e+05,NaN
7.3649e+05,NaN
7.3649e+05,NaN
7.3649e+05,NaN
7.3649e+05,NaN
7.3649e+05,NaN
7.3649e+05,NaN
7.3649e+05,NaN
7.3649e+05,NaN
7.3649e+05,NaN
7.3649e+05,NaN
7.3649e+05,1914.1
7.3649e+05,2097.2
7.3649e+05,2016.1
7.3649e+05,2376.9
7.3649e+05,NaN
7.3649e+05,2311.9
7.3649e+05,2059.6
7.3649e+05,1180
7.3649e+05,494.47
7.3649e+05,96.784
7.3649e+05,40.409
7.3649e+05,0.63026
7.3649e+05,0
7.3649e+05,0
7.3649e+05,0
7.3649e+05,0
7.3649e+05,0
7.3649e+05,0
7.3649e+05,0
7.3649e+05,0
7.3649e+05,56.889
7.3649e+05,112.6
7.3649e+05,537.76
7.3649e+05,1203
7.3649e+05,1719.6
7.3649e+05,2102.2
7.3649e+05,2355.6
7.3649e+05,2484.4
7.3649e+05,2437.9
7.3649e+05,2294.8
7.3649e+05,1915.8
7.3649e+05,1141.5
7.3649e+05,477.31
7.3649e+05,98.688
7.3649e+05,22.872
7.3649e+05,0
7.3649e+05,0
7.3649e+05,0
7.3649e+05,0
7.3649e+05,0
7.3649e+05,0
7.3649e+05,0
7.3649e+05,0
7.3649e+05,23.327
7.3649e+05,124.22
7.3649e+05,205.72
7.3649e+05,229.38
7.3649e+05,906.92
7.3649e+05,744.67
7.3649e+05,701.42
7.3649e+05,990.22
7.3649e+05,672.15
7.3649e+05,945.27
7.3649e+05,1448.3
7.3649e+05,803.34
7.3649e+05,454.17
7.3649e+05,311.72
7.3649e+05,92.981
7.3649e+05,0
7.3649e+05,0
7.3649e+05,0
7.3649e+05,0
7.3649e+05,0
7.3649e+05,0
7.3649e+05,0
7.3649e+05,0
7.3649e+05,0
7.3649e+05,0
7.3649e+05,0
7.3649e+05,62.2
7.3649e+05,184.6
7.3649e+05,376.53
7.3649e+05,132.55
7.3649e+05,127.01
7.3649e+05,194.47
7.3649e+05,528.25
7.3649e+05,706.11
7.3649e+05,529.22
7.3649e+05,757.28
7.3649e+05,466
7.3649e+05,533.51
7.3649e+05,174.06
7.3649e+05,71.41
7.3649e+05,0.73475
7.3649e+05,0
7.3649e+05,0
7.3649e+05,0
7.3649e+05,0
7.3649e+05,0
7.3649e+05,0
7.3649e+05,0
7.3649e+05,9.5514
7.3649e+05,92.703
7.3649e+05,179.43
7.3649e+05,583.73
7.3649e+05,1132.7
7.3649e+05,1549.3
7.3649e+05,1930.1
7.3649e+05,2167.5
7.3649e+05,2598.3
7.3649e+05,2456.6
7.3649e+05,1900.3
7.3649e+05,2067.7
7.3649e+05,1096.6
7.3649e+05,575.18
7.3649e+05,136.44
7.3649e+05,38.549
7.3649e+05,0
7.3649e+05,0
7.3649e+05,0
7.3649e+05,0
7.3649e+05,0
7.3649e+05,0
7.3649e+05,0
7.3649e+05,0
7.3649e+05,17.34
7.3649e+05,121.24
7.3649e+05,303.4
7.3649e+05,254.38
7.3649e+05,300.32
7.3649e+05,621.99
7.3649e+05,543.9
7.3649e+05,529.01
7.3649e+05,1556.1
7.3649e+05,876.39
7.3649e+05,771.57
7.3649e+05,474.73
7.3649e+05,244.35
7.3649e+05,487.7
7.3649e+05,127.78
7.3649e+05,19.201
7.3649e+05,0
7.3649e+05,0
7.3649e+05,0
7.3649e+05,0
7.3649e+05,0
7.3649e+05,0
7.3649e+05,0
7.3649e+05,0
7.3649e+05,0
7.3649e+05,68.764
7.3649e+05,207.61
7.3649e+05,585.73
7.3649e+05,608.25
7.3649e+05,608.57
7.3649e+05,1326
7.3649e+05,1892.1
7.3649e+05,1510.8
7.3649e+05,1186.3
7.3649e+05,1422.7
7.3649e+05,1860.9
7.3649e+05,1273.3
7.3649e+05,323.9
7.3649e+05,119.65
7.3649e+05,12.932
7.3649e+05,0
7.3649e+05,0
7.3649e+05,0
7.3649e+05,0
7.3649e+05,0
7.3649e+05,0
7.3649e+05,0
7.3649e+05,0
7.3649e+05,4.1959
7.3649e+05,101.11
7.3649e+05,197.53
7.3649e+05,493.14
7.3649e+05,681.82
7.3649e+05,700.24
7.3649e+05,941.21
7.3649e+05,1616.8
7.3649e+05,1555.1
7.3649e+05,1779.3
7.3649e+05,1505.9
7.3649e+05,1236.8
7.3649e+05,641.45
7.3649e+05,369.14
7.3649e+05,217.82
7.3649e+05,47.546
7.3649e+05,0
7.3649e+05,0
7.3649e+05,0
7.3649e+05,0
7.3649e+05,0
7.365e+05,0
7.365e+05,0
7.365e+05,0
7.365e+05,14.079
7.365e+05,92.237
7.365e+05,283.44
7.365e+05,281.29
7.365e+05,759.72
7.365e+05,1414.6
7.365e+05,871.05
7.365e+05,1694
7.365e+05,1921.1
7.365e+05,1499.3
7.365e+05,1464.8
7.365e+05,889.26
7.365e+05,996.11
7.365e+05,547.14
7.365e+05,227.41
7.365e+05,28.974
7.365e+05,0
7.365e+05,0
7.365e+05,0
7.365e+05,0
7.365e+05,0
7.365e+05,0
7.365e+05,0
7.365e+05,0
7.365e+05,2.8059
7.365e+05,119.48
7.365e+05,141.43
7.365e+05,558.44
7.365e+05,1173.4
7.365e+05,1336.6
7.365e+05,1552.7
7.365e+05,1173.3
7.365e+05,1042.2
7.365e+05,707.33
7.365e+05,2156.4
7.365e+05,1228.5
7.365e+05,874.16
7.365e+05,223.34
7.365e+05,71.569
7.365e+05,9.8369
7.365e+05,0
7.365e+05,0
7.365e+05,0
7.365e+05,0
7.365e+05,0
7.365e+05,0
7.365e+05,0
7.365e+05,0
7.365e+05,3.0872
7.365e+05,81.237
7.365e+05,210.24
7.365e+05,614.39
7.365e+05,1026.2
7.365e+05,1598.8
7.365e+05,2010.4
7.365e+05,2403
7.365e+05,1617.7
7.365e+05,784.86
7.365e+05,271.05
7.365e+05,164.02
7.365e+05,254.69
7.365e+05,121.45
7.365e+05,8.3338
7.365e+05,0
7.365e+05,0
7.365e+05,0
7.365e+05,0
7.365e+05,0
7.365e+05,0
7.365e+05,0
7.365e+05,0
7.365e+05,0
7.365e+05,0
7.365e+05,56.564
7.365e+05,88.571
7.365e+05,163
7.365e+05,822.33
7.365e+05,835.22
7.365e+05,1267.6
7.365e+05,1849.1
7.365e+05,1976.5
7.365e+05,2114.7
7.365e+05,2361.7
7.365e+05,2062
7.365e+05,1372.7
7.365e+05,720.87
7.365e+05,255.51
7.365e+05,121.16
7.365e+05,3.3592
7.365e+05,0
7.365e+05,0
7.365e+05,0
7.365e+05,0
7.365e+05,0
7.365e+05,0
7.365e+05,0
7.365e+05,11.182
7.365e+05,116.39
7.365e+05,184.07
7.365e+05,690.27
7.365e+05,1069.7
7.365e+05,904.75
7.365e+05,1299
7.365e+05,1697.9
7.365e+05,879.73
7.365e+05,2186.8
7.365e+05,984.82
7.365e+05,709.64
7.365e+05,1257.9
7.365e+05,254.21
7.365e+05,25.305
7.365e+05,0
7.365e+05,0
7.365e+05,0
7.365e+05,0
7.365e+05,0
7.365e+05,0
7.365e+05,0
7.365e+05,0
7.365e+05,0
7.365e+05,0
7.365e+05,12.07
7.365e+05,38.57
7.365e+05,184.18
7.365e+05,235.5
7.365e+05,339.93
7.365e+05,432.57
7.365e+05,533.2
7.365e+05,543.75
7.365e+05,564.16
7.365e+05,656.57
7.365e+05,1117
7.365e+05,695.68
7.365e+05,203.14
7.365e+05,184.87
7.365e+05,19.065
7.365e+05,0
7.365e+05,0
7.365e+05,0
7.365e+05,0
7.365e+05,0
7.365e+05,0
7.365e+05,0
7.365e+05,0
7.365e+05,15.614
7.365e+05,119.52
7.365e+05,142.38
7.365e+05,535.56
7.365e+05,967.67
7.365e+05,1578.1
7.365e+05,1361.3
7.365e+05,1556.4
7.365e+05,1337.9
7.365e+05,1371.6
7.365e+05,1241.5
7.365e+05,1079.2
7.365e+05,400.5
7.365e+05,169.98
7.365e+05,92.786
7.365e+05,59.427
7.365e+05,0
7.365e+05,0
7.365e+05,0
7.365e+05,0
7.365e+05,0
7.365e+05,0
7.365e+05,0
7.365e+05,0
7.365e+05,0
7.365e+05,96.303
7.365e+05,275.61
7.365e+05,274.68
7.365e+05,445.82
7.365e+05,1084.4
7.365e+05,1386.1
7.365e+05,1128.1
7.365e+05,1546.8
7.365e+05,1655.9
7.365e+05,1273.9
7.365e+05,902.5
7.365e+05,257.91
7.365e+05,291.06
7.365e+05,119.87
7.365e+05,8.2157
7.365e+05,0
7.365e+05,0
7.365e+05,0
7.365e+05,0
7.365e+05,0
7.365e+05,0
7.365e+05,0
7.365e+05,0
7.365e+05,6.7546
7.365e+05,108.35
7.365e+05,314.09
7.365e+05,662.95
7.365e+05,1175.6
7.365e+05,1794.8
7.365e+05,1653.5
7.365e+05,1699.5
7.365e+05,1694.6
7.365e+05,2066.8
7.365e+05,2121.6
7.365e+05,2050.2
7.365e+05,1209.4
7.365e+05,510.17
7.365e+05,70.479
7.365e+05,31.527
7.365e+05,0.54147
7.365e+05,0
7.365e+05,0
7.365e+05,0
7.365e+05,0
7.365e+05,0
7.365e+05,0
7.365e+05,0
7.365e+05,4.625
7.365e+05,48.172
7.365e+05,79.775
7.365e+05,489.66
7.365e+05,1189.6
7.365e+05,1720.8
7.365e+05,2099.6
7.365e+05,2329.7
7.365e+05,2426.2
7.365e+05,2422.5
7.365e+05,2281.5
7.365e+05,2019.5
7.365e+05,1320.5
7.365e+05,571.42
7.365e+05,63.845
7.365e+05,29.576
7.365e+05,0.53772
7.365e+05,0
7.365e+05,0
7.365e+05,0
7.365e+05,0
7.3651e+05,0
7.3651e+05,0
7.3651e+05,0
7.3651e+05,1.7289
7.3651e+05,51.387
7.3651e+05,90.973
7.3651e+05,498.23
7.3651e+05,1178.6
7.3651e+05,1695.7
7.3651e+05,2071.4
7.3651e+05,2312.5
7.3651e+05,2429.3
7.3651e+05,2351.6
7.3651e+05,2236.9
7.3651e+05,1995.1
7.3651e+05,1206.1
7.3651e+05,522.76
7.3651e+05,88.339
7.3651e+05,31.377
7.3651e+05,0
7.3651e+05,0
7.3651e+05,0
7.3651e+05,0
7.3651e+05,0
7.3651e+05,0
7.3651e+05,0
7.3651e+05,0
7.3651e+05,11.33
7.3651e+05,112.66
7.3651e+05,212.2
7.3651e+05,515.98
7.3651e+05,1143.5
7.3651e+05,1665.2
7.3651e+05,2039.3
7.3651e+05,2308
7.3651e+05,2415.1
7.3651e+05,2296.5
7.3651e+05,2139.1
7.3651e+05,1064.5
7.3651e+05,40.1
7.3651e+05,0
7.3651e+05,42.203
7.3651e+05,73.311
7.3651e+05,0.88437
7.3651e+05,0
7.3651e+05,0
7.3651e+05,0
7.3651e+05,0
7.3651e+05,0
7.3651e+05,0
7.3651e+05,0
7.3651e+05,0
7.3651e+05,33.131
7.3651e+05,71.926
7.3651e+05,204.97
7.3651e+05,179.77
7.3651e+05,389.66
7.3651e+05,884.42
7.3651e+05,559.54
7.3651e+05,338.41
7.3651e+05,289.89
7.3651e+05,237.53
7.3651e+05,203.34
7.3651e+05,115.03
7.3651e+05,129.66
7.3651e+05,89.996
7.3651e+05,4.6176
7.3651e+05,0
7.3651e+05,0
7.3651e+05,0
7.3651e+05,0
7.3651e+05,0
7.3651e+05,0
7.3651e+05,0
7.3651e+05,0
7.3651e+05,0
7.3651e+05,68.048
7.3651e+05,254.01
7.3651e+05,615.57
7.3651e+05,986.92
7.3651e+05,1470.6
7.3651e+05,1100.4
7.3651e+05,1606.2
7.3651e+05,2551.1
7.3651e+05,1878.2
7.3651e+05,1830.7
7.3651e+05,1539.6
7.3651e+05,1207.5
7.3651e+05,469.76
7.3651e+05,236.37
7.3651e+05,42.93
7.3651e+05,0
7.3651e+05,0
7.3651e+05,0
7.3651e+05,0
7.3651e+05,0
7.3651e+05,0
7.3651e+05,0
7.3651e+05,0
7.3651e+05,2.4565
7.3651e+05,127.64
7.3651e+05,282.58
7.3651e+05,622.3
7.3651e+05,1026.7
7.3651e+05,1503.5
7.3651e+05,1808.3
7.3651e+05,2298.2
7.3651e+05,1498.2
7.3651e+05,1377.8
7.3651e+05,821.5
7.3651e+05,1252.2
7.3651e+05,1356.9
7.3651e+05,544.34
7.3651e+05,89.364
7.3651e+05,34.14
7.3651e+05,0
7.3651e+05,0
7.3651e+05,0
7.3651e+05,0
7.3651e+05,0
7.3651e+05,0
7.3651e+05,0
7.3651e+05,0
7.3651e+05,5.344
7.3651e+05,102.27
7.3651e+05,226.22
7.3651e+05,532.44
7.3651e+05,1152.2
7.3651e+05,811.02
7.3651e+05,1385.9
7.3651e+05,1789.1
7.3651e+05,2484.9
7.3651e+05,1938.4
7.3651e+05,1646.8
7.3651e+05,745.12
7.3651e+05,1009.4
7.3651e+05,399.17
7.3651e+05,185.35
7.3651e+05,56.395
7.3651e+05,0.25833
7.3651e+05,0
7.3651e+05,0
7.3651e+05,0
7.3651e+05,0
7.3651e+05,0
7.3651e+05,0
7.3651e+05,0
7.3651e+05,0
7.3651e+05,115.44
7.3651e+05,135.63
7.3651e+05,85.645
7.3651e+05,144.92
7.3651e+05,513.85
7.3651e+05,961.83
7.3651e+05,2464.7
7.3651e+05,698.65
7.3651e+05,1141.2
7.3651e+05,1384.9
7.3651e+05,1116.2
7.3651e+05,723.38
7.3651e+05,347.62
7.3651e+05,207.62
7.3651e+05,8.5505
7.3651e+05,0
7.3651e+05,0
7.3651e+05,0
7.3651e+05,0
7.3651e+05,0
7.3651e+05,0
7.3651e+05,0
7.3651e+05,0
7.3651e+05,0.76115
7.3651e+05,65.518
7.3651e+05,112.55
7.3651e+05,474.45
7.3651e+05,1162.2
7.3651e+05,1596.8
7.3651e+05,1988.2
7.3651e+05,2038.6
7.3651e+05,2497.3
7.3651e+05,1837.4
7.3651e+05,824.75
7.3651e+05,995.22
7.3651e+05,1043.3
7.3651e+05,304.97
7.3651e+05,147
7.3651e+05,41.481
7.3651e+05,0.24286
7.3651e+05,0
7.3651e+05,0
7.3651e+05,0
7.3651e+05,0
7.3651e+05,0
7.3651e+05,0
7.3651e+05,0
7.3651e+05,0
7.3651e+05,115.81
7.3651e+05,237.62
7.3651e+05,560.09
7.3651e+05,1112.3
7.3651e+05,647.1
7.3651e+05,1279.8
7.3651e+05,1115
7.3651e+05,569.29
7.3651e+05,466.2
7.3651e+05,483.56
7.3651e+05,204.97
7.3651e+05,NaN
7.3651e+05,NaN
7.3651e+05,NaN
7.3651e+05,NaN
7.3651e+05,NaN
7.3651e+05,NaN
7.3651e+05,NaN
7.3651e+05,NaN
7.3651e+05,NaN
7.3651e+05,NaN
7.3651e+05,NaN
7.3651e+05,NaN
7.3651e+05,NaN
7.3651e+05,NaN
7.3651e+05,NaN
7.3651e+05,NaN
7.3651e+05,NaN
7.3651e+05,NaN
7.3651e+05,NaN
7.3651e+05,NaN
7.3651e+05,NaN
7.3651e+05,NaN
7.3651e+05,NaN
7.3651e+05,NaN
7.3651e+05,NaN
7.3651e+05,NaN
7.3651e+05,NaN
7.3651e+05,NaN
7.3651e+05,NaN
7.3651e+05,NaN
7.3651e+05,NaN
7.3651e+05,NaN
7.3651e+05,NaN
7.3652e+05,NaN
7.3652e+05,NaN
7.3652e+05,NaN
7.3652e+05,NaN
7.3652e+05,NaN
7.3652e+05,NaN
7.3652e+05,NaN
7.3652e+05,NaN
7.3652e+05,1914.7
7.3652e+05,2109.6
7.3652e+05,1985
7.3652e+05,2179.6
7.3652e+05,1302.4
7.3652e+05,954.01
7.3652e+05,1704.9
7.3652e+05,999.59
7.3652e+05,409.22
7.3652e+05,218.81
7.3652e+05,39.958
7.3652e+05,0.47144
7.3652e+05,0
7.3652e+05,0
7.3652e+05,0
7.3652e+05,0
7.3652e+05,0
7.3652e+05,0
7.3652e+05,0
7.3652e+05,0
7.3652e+05,47.285
7.3652e+05,91.775
7.3652e+05,542.34
7.3652e+05,1031.1
7.3652e+05,1496.7
7.3652e+05,1946.1
7.3652e+05,1941.8
7.3652e+05,2160.3
7.3652e+05,1833.1
7.3652e+05,2052.3
7.3652e+05,1294.5
7.3652e+05,1404.6
7.3652e+05,592.22
7.3652e+05,228.79
7.3652e+05,44.257
7.3652e+05,0
7.3652e+05,0
7.3652e+05,0
7.3652e+05,0
7.3652e+05,0
7.3652e+05,0
7.3652e+05,0
7.3652e+05,0
7.3652e+05,0.91288
7.3652e+05,126.83
7.3652e+05,271.52
7.3652e+05,534.24
7.3652e+05,539.32
7.3652e+05,1059.4
7.3652e+05,849.46
7.3652e+05,1377.1
7.3652e+05,1809
7.3652e+05,2118.9
7.3652e+05,1851.4
7.3652e+05,1925.8
7.3652e+05,1227.7
7.3652e+05,630.63
7.3652e+05,216.18
7.3652e+05,58.978
7.3652e+05,0
7.3652e+05,0
7.3652e+05,0
7.3652e+05,0
7.3652e+05,0
7.3652e+05,0
7.3652e+05,0
7.3652e+05,0
7.3652e+05,2.8858
7.3652e+05,77.19
7.3652e+05,116.94
7.3652e+05,476.32
7.3652e+05,1143.1
7.3652e+05,1653.7
7.3652e+05,2055.2
7.3652e+05,2273.6
7.3652e+05,2488.6
7.3652e+05,2478.9
7.3652e+05,2348.1
7.3652e+05,1961
7.3652e+05,1278
7.3652e+05,553.82
7.3652e+05,92.051
7.3652e+05,37.672
7.3652e+05,0.25619
7.3652e+05,0
7.3652e+05,0
7.3652e+05,0
7.3652e+05,0
7.3652e+05,0
7.3652e+05,0
7.3652e+05,0
7.3652e+05,17.205
7.3652e+05,123.32
7.3652e+05,188.81
7.3652e+05,594.45
7.3652e+05,1183.3
7.3652e+05,1480.2
7.3652e+05,2079.3
7.3652e+05,2304.2
7.3652e+05,2438.4
7.3652e+05,2255.5
7.3652e+05,2328.4
7.3652e+05,1796.3
7.3652e+05,1476.7
7.3652e+05,647.19
7.3652e+05,183.17
7.3652e+05,19.536
7.3652e+05,0
7.3652e+05,0
7.3652e+05,0
7.3652e+05,0
7.3652e+05,0
7.3652e+05,0
7.3652e+05,0
7.3652e+05,0
7.3652e+05,0.47921
7.3652e+05,89.218
7.3652e+05,256.18
7.3652e+05,577.84
7.3652e+05,947.3
7.3652e+05,1339.2
7.3652e+05,1601.6
7.3652e+05,1962
7.3652e+05,2506.4
7.3652e+05,2141.3
7.3652e+05,2190
7.3652e+05,1819.4
7.3652e+05,940.41
7.3652e+05,657.91
7.3652e+05,159.81
7.3652e+05,37.878
7.3652e+05,0
7.3652e+05,0
7.3652e+05,0
7.3652e+05,0
7.3652e+05,0
7.3652e+05,0
7.3652e+05,0
7.3652e+05,0
7.3652e+05,0
7.3652e+05,76.706
7.3652e+05,100.07
7.3652e+05,445.38
7.3652e+05,1120.4
7.3652e+05,1645.8
7.3652e+05,2035.5
7.3652e+05,2137.5
7.3652e+05,2465.1
7.3652e+05,2224.8
7.3652e+05,2220.9
7.3652e+05,1948.3
7.3652e+05,1323.2
7.3652e+05,511.33
7.3652e+05,80.875
7.3652e+05,23.838
7.3652e+05,0
7.3652e+05,0
7.3652e+05,0
7.3652e+05,0
7.3652e+05,0
7.3652e+05,0
7.3652e+05,0
7.3652e+05,0
7.3652e+05,0.38333
7.3652e+05,140.75
7.3652e+05,309.72
7.3652e+05,560.13
7.3652e+05,1023.8
7.3652e+05,1541.4
7.3652e+05,1744.4
7.3652e+05,2043.6
7.3652e+05,1693.1
7.3652e+05,1727.3
7.3652e+05,2113.5
7.3652e+05,1541.8
7.3652e+05,963.41
7.3652e+05,551.85
7.3652e+05,273.54
7.3652e+05,62.829
7.3652e+05,0
7.3652e+05,0
7.3652e+05,0
7.3652e+05,0
7.3652e+05,0
7.3652e+05,0
7.3652e+05,0
7.3652e+05,0
7.3652e+05,0
7.3652e+05,13.425
7.3652e+05,126.13
7.3652e+05,235.43
7.3652e+05,309.9
7.3652e+05,268.75
7.3652e+05,445.34
7.3652e+05,863.29
7.3652e+05,329.05
7.3652e+05,212.32
7.3652e+05,76.543
7.3652e+05,108.71
7.3652e+05,94.524
7.3652e+05,178.87
7.3652e+05,19.898
7.3652e+05,0
7.3652e+05,0
7.3652e+05,0
7.3652e+05,0
7.3652e+05,0
7.3652e+05,0
7.3652e+05,0
7.3652e+05,0
7.3652e+05,0
7.3652e+05,0
7.3652e+05,50.595
7.3652e+05,160.74
7.3652e+05,411.4
7.3652e+05,587.87
7.3652e+05,1168.1
7.3652e+05,793.42
7.3652e+05,1003.1
7.3652e+05,613.93
7.3652e+05,164.44
7.3652e+05,177.85
7.3652e+05,200.95
7.3652e+05,103.83
7.3652e+05,85.624
7.3652e+05,47.064
7.3652e+05,0
7.3652e+05,0
7.3652e+05,0
7.3652e+05,0
7.3652e+05,0
7.3652e+05,0
7.3653e+05,0
7.3653e+05,0
7.3653e+05,0
7.3653e+05,0
7.3653e+05,26.366
7.3653e+05,72.125
7.3653e+05,319.73
7.3653e+05,573.33
7.3653e+05,352.95
7.3653e+05,339.41
7.3653e+05,385.87
7.3653e+05,588.57
7.3653e+05,NaN
7.3653e+05,1579.2
7.3653e+05,1445.3
7.3653e+05,1019.3
7.3653e+05,392.65
7.3653e+05,185.78
7.3653e+05,41.02
7.3653e+05,0
7.3653e+05,0
7.3653e+05,0
7.3653e+05,0
7.3653e+05,0
7.3653e+05,0
7.3653e+05,0
7.3653e+05,0
7.3653e+05,0
7.3653e+05,82.173
7.3653e+05,111.67
7.3653e+05,224.67
7.3653e+05,881.92
7.3653e+05,1234.9
7.3653e+05,1617.9
7.3653e+05,540.08
7.3653e+05,1267
7.3653e+05,843.23
7.3653e+05,1290.1
7.3653e+05,773.74
7.3653e+05,1381.4
7.3653e+05,448.71
7.3653e+05,182.75
7.3653e+05,40.518
7.3653e+05,0
7.3653e+05,0
7.3653e+05,0
7.3653e+05,0
7.3653e+05,0
7.3653e+05,0
7.3653e+05,0
7.3653e+05,0
7.3653e+05,0
7.3653e+05,64.361
7.3653e+05,188.63
7.3653e+05,551.92
7.3653e+05,1046.3
7.3653e+05,1141.8
7.3653e+05,1392
7.3653e+05,889.47
7.3653e+05,1241.2
7.3653e+05,NaN
7.3653e+05,NaN
7.3653e+05,NaN
7.3653e+05,NaN
7.3653e+05,NaN
7.3653e+05,NaN
7.3653e+05,NaN
7.3653e+05,NaN
7.3653e+05,NaN
7.3653e+05,NaN
7.3653e+05,NaN
7.3653e+05,NaN
7.3653e+05,NaN
7.3653e+05,NaN
7.3653e+05,NaN
7.3653e+05,NaN
7.3653e+05,NaN
7.3653e+05,NaN
7.3653e+05,NaN
7.3653e+05,NaN
7.3653e+05,NaN
7.3653e+05,NaN
7.3653e+05,NaN
7.3653e+05,NaN
7.3653e+05,NaN
7.3653e+05,NaN
7.3653e+05,NaN
7.3653e+05,NaN
7.3653e+05,NaN
7.3653e+05,NaN
7.3653e+05,NaN
7.3653e+05,NaN
7.3653e+05,NaN
7.3653e+05,NaN
7.3653e+05,NaN
7.3653e+05,NaN
7.3653e+05,NaN
7.3653e+05,NaN
7.3653e+05,NaN
7.3653e+05,NaN
7.3653e+05,NaN
7.3653e+05,NaN
7.3653e+05,NaN
7.3653e+05,NaN
7.3653e+05,NaN
7.3653e+05,1852.5
7.3653e+05,1875.7
7.3653e+05,1978.5
7.3653e+05,2201.4
7.3653e+05,2255.3
7.3653e+05,1848.1
7.3653e+05,1490.4
7.3653e+05,588.74
7.3653e+05,129.98
7.3653e+05,43.319
7.3653e+05,0
7.3653e+05,0
7.3653e+05,0
7.3653e+05,0
7.3653e+05,0
7.3653e+05,0
7.3653e+05,0
7.3653e+05,0
7.3653e+05,0
7.3653e+05,44.9
7.3653e+05,101.97
7.3653e+05,422.36
7.3653e+05,1080.8
7.3653e+05,1615.5
7.3653e+05,2041.6
7.3653e+05,2272.6
7.3653e+05,2390.7
7.3653e+05,2300.8
7.3653e+05,2022.1
7.3653e+05,1852.1
7.3653e+05,1232.3
7.3653e+05,492.38
7.3653e+05,88.351
7.3653e+05,28.42
7.3653e+05,0
7.3653e+05,0
7.3653e+05,0
7.3653e+05,0
7.3653e+05,0
7.3653e+05,0
7.3653e+05,0
7.3653e+05,0
7.3653e+05,0
7.3653e+05,37.815
7.3653e+05,86.5
7.3653e+05,414.07
7.3653e+05,1088.1
7.3653e+05,1633.5
7.3653e+05,2030.4
7.3653e+05,2277.4
7.3653e+05,2379.7
7.3653e+05,2332.5
7.3653e+05,2169.9
7.3653e+05,1966.5
7.3653e+05,1391.6
7.3653e+05,474.77
7.3653e+05,76.253
7.3653e+05,25.21
7.3653e+05,0
7.3653e+05,0
7.3653e+05,0
7.3653e+05,0
7.3653e+05,0
7.3653e+05,0
7.3653e+05,0
7.3653e+05,0
7.3653e+05,0
7.3653e+05,27.305
7.3653e+05,88.893
7.3653e+05,26.542
7.3653e+05,150.57
7.3653e+05,671.24
7.3653e+05,951.2
7.3653e+05,2235.1
7.3653e+05,2322.1
7.3653e+05,2072.3
7.3653e+05,717.52
7.3653e+05,704.24
7.3653e+05,1279.7
7.3653e+05,580.64
7.3653e+05,165.19
7.3653e+05,36.981
7.3653e+05,0
7.3653e+05,0
7.3653e+05,0
7.3653e+05,0
7.3653e+05,0
7.3653e+05,0
7.3653e+05,0
7.3653e+05,0
7.3653e+05,0
7.3653e+05,48.845
7.3653e+05,285.04
7.3653e+05,515.44
7.3653e+05,900.29
7.3653e+05,1342.1
7.3653e+05,1889.7
7.3653e+05,2211.3
7.3653e+05,2424.3
7.3653e+05,2405.7
7.3653e+05,2062.8
7.3653e+05,1276.3
7.3653e+05,455.79
7.3653e+05,28.674
7.3653e+05,2.0545
7.3653e+05,0
7.3653e+05,0
7.3653e+05,0
7.3653e+05,0
7.3653e+05,0
7.3653e+05,0
7.3653e+05,0
7.3653e+05,0
7.3653e+05,0
7.3653e+05,0
7.3653e+05,35.237
7.3653e+05,128.69
7.3653e+05,370.62
7.3653e+05,854.35
7.3653e+05,1655.9
7.3653e+05,1731
7.3653e+05,1858.9
7.3653e+05,2036.1
7.3653e+05,1022.4
7.3653e+05,1279.4
7.3653e+05,187.58
7.3653e+05,94.2
7.3653e+05,131.19
7.3653e+05,57.477
7.3653e+05,0
7.3653e+05,0
7.3653e+05,0
7.3653e+05,0
7.3653e+05,0
7.3653e+05,0
7.3654e+05,0
7.3654e+05,0
7.3654e+05,0
7.3654e+05,0
7.3654e+05,31.579
7.3654e+05,252.47
7.3654e+05,470.07
7.3654e+05,1020.4
7.3654e+05,1347.2
7.3654e+05,1706.9
7.3654e+05,1777.2
7.3654e+05,2383.1
7.3654e+05,1641.3
7.3654e+05,1614.1
7.3654e+05,1456.7
7.3654e+05,1318.6
7.3654e+05,660.41
7.3654e+05,242.71
7.3654e+05,109.16
7.3654e+05,0
7.3654e+05,0
7.3654e+05,0
7.3654e+05,0
7.3654e+05,0
7.3654e+05,0
7.3654e+05,0
7.3654e+05,0
7.3654e+05,4.0089
7.3654e+05,85.198
7.3654e+05,185.14
7.3654e+05,270.49
7.3654e+05,669.26
7.3654e+05,423.42
7.3654e+05,1163.3
7.3654e+05,2155.9
7.3654e+05,1375.5
7.3654e+05,1969.1
7.3654e+05,2282.8
7.3654e+05,1104.8
7.3654e+05,279.3
7.3654e+05,391
7.3654e+05,66.097
7.3654e+05,16.703
7.3654e+05,0
7.3654e+05,0
7.3654e+05,0
7.3654e+05,0
7.3654e+05,0
7.3654e+05,0
7.3654e+05,0
7.3654e+05,0
7.3654e+05,0
7.3654e+05,73.616
7.3654e+05,166.1
7.3654e+05,451.27
7.3654e+05,843.14
7.3654e+05,1513.7
7.3654e+05,1025.4
7.3654e+05,1302.3
7.3654e+05,1034.2
7.3654e+05,293.26
7.3654e+05,949.56
7.3654e+05,137.44
7.3654e+05,42.256
7.3654e+05,100.92
7.3654e+05,177.44
7.3654e+05,48.505
7.3654e+05,0
7.3654e+05,0
7.3654e+05,0
7.3654e+05,0
7.3654e+05,0
7.3654e+05,0
7.3654e+05,0
7.3654e+05,0
7.3654e+05,0
7.3654e+05,71.227
7.3654e+05,266.21
7.3654e+05,415.43
7.3654e+05,573.9
7.3654e+05,910.08
7.3654e+05,1390.1
7.3654e+05,2121.7
7.3654e+05,2252.9
7.3654e+05,2233.7
7.3654e+05,1429.8
7.3654e+05,885.99
7.3654e+05,192.79
7.3654e+05,133.07
7.3654e+05,107.06
7.3654e+05,4.01
7.3654e+05,0
7.3654e+05,0
7.3654e+05,0
7.3654e+05,0
7.3654e+05,0
7.3654e+05,0
7.3654e+05,0
7.3654e+05,0
7.3654e+05,0
7.3654e+05,15.214
7.3654e+05,226.77
7.3654e+05,462.73
7.3654e+05,885.79
7.3654e+05,996.75
7.3654e+05,498.16
7.3654e+05,791.58
7.3654e+05,879.57
7.3654e+05,1779.1
7.3654e+05,1021.1
7.3654e+05,1321.2
7.3654e+05,535.28
7.3654e+05,529.65
7.3654e+05,122.07
7.3654e+05,25.21
7.3654e+05,0
7.3654e+05,0
7.3654e+05,0
7.3654e+05,0
7.3654e+05,0
7.3654e+05,0
7.3654e+05,0
7.3654e+05,0
7.3654e+05,0
7.3654e+05,49.575
7.3654e+05,165.44
7.3654e+05,340.33
7.3654e+05,530.59
7.3654e+05,894.92
7.3654e+05,878.1
7.3654e+05,1288
7.3654e+05,1556.3
7.3654e+05,2181.6
7.3654e+05,1941.1
7.3654e+05,1239.6
7.3654e+05,1148.3
7.3654e+05,402.55
7.3654e+05,168.59
7.3654e+05,17.399
7.3654e+05,0
7.3654e+05,0
7.3654e+05,0
7.3654e+05,0
7.3654e+05,0
7.3654e+05,0
7.3654e+05,0
7.3654e+05,0
7.3654e+05,0
7.3654e+05,52.803
7.3654e+05,88.664
7.3654e+05,410.14
7.3654e+05,1069.6
7.3654e+05,1581.8
7.3654e+05,1916
7.3654e+05,2281.9
7.3654e+05,2356.8
7.3654e+05,1909.5
7.3654e+05,1734.8
7.3654e+05,1947.3
7.3654e+05,1267.9
7.3654e+05,422.02
7.3654e+05,89.639
7.3654e+05,23.217
7.3654e+05,0
7.3654e+05,0
7.3654e+05,0
7.3654e+05,0
7.3654e+05,0
7.3654e+05,0
7.3654e+05,0
7.3654e+05,0
7.3654e+05,0
7.3654e+05,63.049
7.3654e+05,145.04
7.3654e+05,206.45
7.3654e+05,149.1
7.3654e+05,183.95
7.3654e+05,230.48
7.3654e+05,378.19
7.3654e+05,527.02
7.3654e+05,522.3
7.3654e+05,336.29
7.3654e+05,502.97
7.3654e+05,567.86
7.3654e+05,447.15
7.3654e+05,75.292
7.3654e+05,15.58
7.3654e+05,0
7.3654e+05,0
7.3654e+05,0
7.3654e+05,0
7.3654e+05,0
7.3654e+05,0
7.3654e+05,0
7.3654e+05,0
7.3654e+05,0
7.3654e+05,47.867
7.3654e+05,117.71
7.3654e+05,420.61
7.3654e+05,1107.9
7.3654e+05,1693.5
7.3654e+05,2038.6
7.3654e+05,1901.5
7.3654e+05,2151.2
7.3654e+05,2398.9
7.3654e+05,1471.6
7.3654e+05,1165.8
7.3654e+05,711.93
7.3654e+05,505.53
7.3654e+05,157.17
7.3654e+05,6.839
7.3654e+05,0
7.3654e+05,0
7.3654e+05,0
7.3654e+05,0
7.3654e+05,0
7.3654e+05,0
7.3654e+05,0
7.3654e+05,0
7.3654e+05,0
7.3654e+05,45.68
7.3654e+05,229.92
7.3654e+05,449.09
7.3654e+05,881.25
7.3654e+05,1098.3
7.3654e+05,1223.1
7.3654e+05,1280
7.3654e+05,1144.8
7.3654e+05,1371.7
7.3654e+05,793
7.3654e+05,426.71
7.3654e+05,259.23
7.3654e+05,101.18
7.3654e+05,35.811
7.3654e+05,0
7.3654e+05,0
7.3654e+05,0
7.3654e+05,0
7.3654e+05,0
7.3654e+05,0
7.3655e+05,0
7.3655e+05,0
7.3655e+05,0
7.3655e+05,0
7.3655e+05,64.256
7.3655e+05,120.63
7.3655e+05,376.84
7.3655e+05,1050
7.3655e+05,1654.7
7.3655e+05,1980.8
7.3655e+05,2217.6
7.3655e+05,2279.4
7.3655e+05,2363.5
7.3655e+05,2200.3
7.3655e+05,1574.9
7.3655e+05,1302.1
7.3655e+05,460.13
7.3655e+05,136.1
7.3655e+05,20.651
7.3655e+05,0
7.3655e+05,0
7.3655e+05,0
7.3655e+05,0
7.3655e+05,0
7.3655e+05,0
7.3655e+05,0
7.3655e+05,0
7.3655e+05,0
7.3655e+05,25.698
7.3655e+05,88.343
7.3655e+05,386.59
7.3655e+05,1027.6
7.3655e+05,1606.7
7.3655e+05,2008.1
7.3655e+05,2266.7
7.3655e+05,2372.6
7.3655e+05,2357.8
7.3655e+05,1610.3
7.3655e+05,1397
7.3655e+05,1168.6
7.3655e+05,298.2
7.3655e+05,127.69
7.3655e+05,14.322
7.3655e+05,0
7.3655e+05,0
7.3655e+05,0
7.3655e+05,0
7.3655e+05,0
7.3655e+05,0
7.3655e+05,0
7.3655e+05,0
7.3655e+05,0
7.3655e+05,0
7.3655e+05,15.611
7.3655e+05,45.858
7.3655e+05,108.46
7.3655e+05,141.8
7.3655e+05,115.53
7.3655e+05,157.91
7.3655e+05,370.47
7.3655e+05,236.66
7.3655e+05,284.64
7.3655e+05,406.06
7.3655e+05,332.84
7.3655e+05,192.56
7.3655e+05,79.965
7.3655e+05,0.7907
7.3655e+05,0
7.3655e+05,0
7.3655e+05,0
7.3655e+05,0
7.3655e+05,0
7.3655e+05,0
7.3655e+05,0
7.3655e+05,0
7.3655e+05,0
7.3655e+05,29.119
7.3655e+05,100.99
7.3655e+05,394.25
7.3655e+05,984.53
7.3655e+05,885.67
7.3655e+05,1432.4
7.3655e+05,1930.4
7.3655e+05,753.58
7.3655e+05,1430.9
7.3655e+05,777.65
7.3655e+05,767.44
7.3655e+05,912.81
7.3655e+05,323.42
7.3655e+05,113.51
7.3655e+05,1.0871
7.3655e+05,0
7.3655e+05,0
7.3655e+05,0
7.3655e+05,0
7.3655e+05,0
7.3655e+05,0
7.3655e+05,0
7.3655e+05,0
7.3655e+05,0
7.3655e+05,28.269
7.3655e+05,101.54
7.3655e+05,398
7.3655e+05,1069.2
7.3655e+05,1533.3
7.3655e+05,1962
7.3655e+05,2472.4
7.3655e+05,1237
7.3655e+05,1879.6
7.3655e+05,1582.4
7.3655e+05,1076.7
7.3655e+05,902.25
7.3655e+05,364.21
7.3655e+05,60.558
7.3655e+05,8.7853
7.3655e+05,0
7.3655e+05,0
7.3655e+05,0
7.3655e+05,0
7.3655e+05,0
7.3655e+05,0
7.3655e+05,0
7.3655e+05,0
7.3655e+05,0
7.3655e+05,16.6
7.3655e+05,66.523
7.3655e+05,369.86
7.3655e+05,1068.7
7.3655e+05,1641.7
7.3655e+05,2057.4
7.3655e+05,2322.8
7.3655e+05,2417.2
7.3655e+05,2411.2
7.3655e+05,2242.6
7.3655e+05,1991.2
7.3655e+05,1396.6
7.3655e+05,386.88
7.3655e+05,49.494
7.3655e+05,0.61531
7.3655e+05,0
7.3655e+05,0
7.3655e+05,0
7.3655e+05,0
7.3655e+05,0
7.3655e+05,0
7.3655e+05,0
7.3655e+05,0
7.3655e+05,0
7.3655e+05,0
7.3655e+05,29.586
7.3655e+05,90.83
7.3655e+05,371.82
7.3655e+05,669.26
7.3655e+05,618.22
7.3655e+05,238.52
7.3655e+05,304.96
7.3655e+05,912.4
7.3655e+05,321.55
7.3655e+05,404.65
7.3655e+05,127.54
7.3655e+05,58.846
7.3655e+05,15.211
7.3655e+05,0.29352
7.3655e+05,0
7.3655e+05,0
7.3655e+05,0
7.3655e+05,0
7.3655e+05,0
7.3655e+05,0
7.3655e+05,0
7.3655e+05,0
7.3655e+05,0
7.3655e+05,3.0788
7.3655e+05,78.399
7.3655e+05,209.36
7.3655e+05,198.59
7.3655e+05,228.17
7.3655e+05,242.18
7.3655e+05,1217.2
7.3655e+05,698.53
7.3655e+05,111.79
7.3655e+05,153.01
7.3655e+05,964.17
7.3655e+05,449.91
7.3655e+05,190.07
7.3655e+05,48.216
7.3655e+05,6.6166
7.3655e+05,0
7.3655e+05,0
7.3655e+05,0
7.3655e+05,0
7.3655e+05,0
7.3655e+05,0
7.3655e+05,0
7.3655e+05,0
7.3655e+05,0
7.3655e+05,35.476
7.3655e+05,251.76
7.3655e+05,490.51
7.3655e+05,794.64
7.3655e+05,963.89
7.3655e+05,1477.3
7.3655e+05,1878.7
7.3655e+05,1930.4
7.3655e+05,1404.4
7.3655e+05,1517.7
7.3655e+05,1819.5
7.3655e+05,1242.3
7.3655e+05,431.08
7.3655e+05,140.84
7.3655e+05,7.3274
7.3655e+05,0
7.3655e+05,0
7.3655e+05,0
7.3655e+05,0
7.3655e+05,0
7.3655e+05,0
7.3655e+05,0
7.3655e+05,0
7.3655e+05,0
7.3655e+05,0
7.3655e+05,55.91
7.3655e+05,158.29
7.3655e+05,284.46
7.3655e+05,413.32
7.3655e+05,613.14
7.3655e+05,572.55
7.3655e+05,497.7
7.3655e+05,441.29
7.3655e+05,405.06
7.3655e+05,362.19
7.3655e+05,180.88
7.3655e+05,126.41
7.3655e+05,65.28
7.3655e+05,0
7.3655e+05,0
7.3655e+05,0
7.3655e+05,0
7.3655e+05,0
7.3655e+05,0
7.3656e+05,0
7.3656e+05,0
7.3656e+05,0
7.3656e+05,0
7.3656e+05,11.806
7.3656e+05,61.679
7.3656e+05,357.02
7.3656e+05,1047.8
7.3656e+05,1629.3
7.3656e+05,1981.6
7.3656e+05,2151.8
7.3656e+05,2360.9
7.3656e+05,2427.5
7.3656e+05,2277.3
7.3656e+05,1964.5
7.3656e+05,1381.3
7.3656e+05,291
7.3656e+05,44.285
7.3656e+05,4.1098
7.3656e+05,0
7.3656e+05,0
7.3656e+05,0
7.3656e+05,0
7.3656e+05,0
7.3656e+05,0
7.3656e+05,0
7.3656e+05,0
7.3656e+05,0
7.3656e+05,15.768
7.3656e+05,127.03
7.3656e+05,442.12
7.3656e+05,1058.1
7.3656e+05,1537.2
7.3656e+05,1957.1
7.3656e+05,2244.5
7.3656e+05,2356.1
7.3656e+05,2298.4
7.3656e+05,1889.1
7.3656e+05,1901.6
7.3656e+05,1270.5
7.3656e+05,269.44
7.3656e+05,66.977
7.3656e+05,5.171
7.3656e+05,0
7.3656e+05,0
7.3656e+05,0
7.3656e+05,0
7.3656e+05,0
7.3656e+05,0
7.3656e+05,0
7.3656e+05,0
7.3656e+05,0
7.3656e+05,43.446
7.3656e+05,144.19
7.3656e+05,354.16
7.3656e+05,879.65
7.3656e+05,1545.7
7.3656e+05,2009.4
7.3656e+05,1828.1
7.3656e+05,2310.1
7.3656e+05,2113
7.3656e+05,1222.1
7.3656e+05,1198.7
7.3656e+05,870.14
7.3656e+05,355.04
7.3656e+05,114.75
7.3656e+05,7.9443
7.3656e+05,0
7.3656e+05,0
7.3656e+05,0
7.3656e+05,0
7.3656e+05,0
7.3656e+05,0
7.3656e+05,0
7.3656e+05,0
7.3656e+05,0
7.3656e+05,16.096
7.3656e+05,93.251
7.3656e+05,366.2
7.3656e+05,944.82
7.3656e+05,1314.1
7.3656e+05,1747.4
7.3656e+05,1433.5
7.3656e+05,1633.6
7.3656e+05,1897.1
7.3656e+05,2207
7.3656e+05,1932.1
7.3656e+05,977.67
7.3656e+05,287.63
7.3656e+05,89.662
7.3656e+05,4.6535
7.3656e+05,0
7.3656e+05,0
7.3656e+05,0
7.3656e+05,0
7.3656e+05,0
7.3656e+05,0
7.3656e+05,0
7.3656e+05,0
7.3656e+05,0
7.3656e+05,10.288
7.3656e+05,158.35
7.3656e+05,384.3
7.3656e+05,809.17
7.3656e+05,1428.9
7.3656e+05,2005.3
7.3656e+05,2249.3
7.3656e+05,2203.2
7.3656e+05,1931.5
7.3656e+05,1969.7
7.3656e+05,1691
7.3656e+05,1316
7.3656e+05,223.7
7.3656e+05,78.015
7.3656e+05,0
7.3656e+05,0
7.3656e+05,0
7.3656e+05,0
7.3656e+05,0
7.3656e+05,0
7.3656e+05,0
7.3656e+05,0
7.3656e+05,0
7.3656e+05,0
7.3656e+05,16.835
7.3656e+05,181.13
7.3656e+05,187.52
7.3656e+05,555.99
7.3656e+05,1282.1
7.3656e+05,1282.6
7.3656e+05,1158
7.3656e+05,204.28
7.3656e+05,738.4
7.3656e+05,1585.7
7.3656e+05,401.45
7.3656e+05,453.64
7.3656e+05,94.892
7.3656e+05,21.658
7.3656e+05,0.057895
7.3656e+05,0
7.3656e+05,0
7.3656e+05,0
7.3656e+05,0
7.3656e+05,0
7.3656e+05,0
7.3656e+05,0
7.3656e+05,0
7.3656e+05,0
7.3656e+05,22.249
7.3656e+05,72.682
7.3656e+05,192.58
7.3656e+05,226.35
7.3656e+05,728.01
7.3656e+05,997.73
7.3656e+05,1590.5
7.3656e+05,2021.8
7.3656e+05,2380.7
7.3656e+05,2234.5
7.3656e+05,1231.4
7.3656e+05,838.2
7.3656e+05,424.91
7.3656e+05,93.341
7.3656e+05,3.0785
7.3656e+05,0
7.3656e+05,0
7.3656e+05,0
7.3656e+05,0
7.3656e+05,0
7.3656e+05,0
7.3656e+05,0
7.3656e+05,0
7.3656e+05,0
7.3656e+05,11.229
7.3656e+05,138.66
7.3656e+05,206.94
7.3656e+05,838.02
7.3656e+05,1593.5
7.3656e+05,1974.7
7.3656e+05,2034.4
7.3656e+05,2040.2
7.3656e+05,1084.7
7.3656e+05,768.96
7.3656e+05,220.99
7.3656e+05,188.87
7.3656e+05,52.572
7.3656e+05,0
7.3656e+05,0
7.3656e+05,0
7.3656e+05,0
7.3656e+05,0
7.3656e+05,0
7.3656e+05,0
7.3656e+05,0
7.3656e+05,0
7.3656e+05,0
7.3656e+05,0
7.3656e+05,5.9542
7.3656e+05,40.841
7.3656e+05,216.97
7.3656e+05,493
7.3656e+05,421.61
7.3656e+05,439.82
7.3656e+05,427.48
7.3656e+05,902.76
7.3656e+05,1845.1
7.3656e+05,1095.7
7.3656e+05,1885.7
7.3656e+05,620.53
7.3656e+05,205.79
7.3656e+05,107.17
7.3656e+05,0.82632
7.3656e+05,0
7.3656e+05,0
7.3656e+05,0
7.3656e+05,0
7.3656e+05,0
7.3656e+05,0
7.3656e+05,0
7.3656e+05,0
7.3656e+05,0
7.3656e+05,10.331
7.3656e+05,103.84
7.3656e+05,343.2
7.3656e+05,983.54
7.3656e+05,1278.7
7.3656e+05,1246.7
7.3656e+05,1778.8
7.3656e+05,1819.1
7.3656e+05,2416.4
7.3656e+05,1865.8
7.3656e+05,2071.2
7.3656e+05,723.22
7.3656e+05,177.48
7.3656e+05,85.005
7.3656e+05,0.37135
7.3656e+05,0
7.3656e+05,0
7.3656e+05,0
7.3656e+05,0
7.3656e+05,0
7.3657e+05,0
7.3657e+05,NaN
7.3657e+05,NaN
7.3657e+05,NaN
7.3657e+05,NaN
7.3657e+05,NaN
7.3657e+05,624.03
7.3657e+05,1015.4
7.3657e+05,1602.4
7.3657e+05,2020.5
7.3657e+05,2286.7
7.3657e+05,2403.6
7.3657e+05,2387
7.3657e+05,2244
7.3657e+05,1945.5
7.3657e+05,714.18
7.3657e+05,105.35
7.3657e+05,34.392
7.3657e+05,0.28194
7.3657e+05,0
7.3657e+05,0
7.3657e+05,0
7.3657e+05,0
7.3657e+05,0
7.3657e+05,0
7.3657e+05,0
7.3657e+05,0
7.3657e+05,0
7.3657e+05,2.0766
7.3657e+05,49.528
7.3657e+05,289.38
7.3657e+05,1009.8
7.3657e+05,1637.9
7.3657e+05,2082.5
7.3657e+05,2359.5
7.3657e+05,2468.2
7.3657e+05,2447.7
7.3657e+05,2290.8
7.3657e+05,1946.3
7.3657e+05,648.6
7.3657e+05,88.504
7.3657e+05,30.418
7.3657e+05,0.00625
7.3657e+05,0
7.3657e+05,0
7.3657e+05,0
7.3657e+05,0
7.3657e+05,0
7.3657e+05,0
7.3657e+05,0
7.3657e+05,0
7.3657e+05,0
7.3657e+05,2.7178
7.3657e+05,53.969
7.3657e+05,291.24
7.3657e+05,1014.8
7.3657e+05,1633
7.3657e+05,2056.2
7.3657e+05,2307.7
7.3657e+05,2429.6
7.3657e+05,2403.6
7.3657e+05,2245.9
7.3657e+05,1897.7
7.3657e+05,670.17
7.3657e+05,92.692
7.3657e+05,31.438
7.3657e+05,0
7.3657e+05,0
7.3657e+05,0
7.3657e+05,0
7.3657e+05,0
7.3657e+05,0
7.3657e+05,0
7.3657e+05,0
7.3657e+05,0
7.3657e+05,0
7.3657e+05,2.4779
7.3657e+05,54.175
7.3657e+05,273.41
7.3657e+05,962.37
7.3657e+05,1548.9
7.3657e+05,1982.4
7.3657e+05,2231.9
7.3657e+05,2343
7.3657e+05,2329.3
7.3657e+05,2152.5
7.3657e+05,1791.6
7.3657e+05,422.45
7.3657e+05,108.33
7.3657e+05,35.824
7.3657e+05,0
7.3657e+05,0
7.3657e+05,0
7.3657e+05,0
7.3657e+05,0
7.3657e+05,0
7.3657e+05,0
7.3657e+05,0
7.3657e+05,0
7.3657e+05,0
7.3657e+05,2.4806
7.3657e+05,58.603
7.3657e+05,268.53
7.3657e+05,966.14
7.3657e+05,1560.1
7.3657e+05,1968.2
7.3657e+05,2229.5
7.3657e+05,2347.6
7.3657e+05,2323.7
7.3657e+05,2187.1
7.3657e+05,1795.2
7.3657e+05,422.31
7.3657e+05,112.36
7.3657e+05,35.316
7.3657e+05,0
7.3657e+05,0
7.3657e+05,0
7.3657e+05,0
7.3657e+05,0
7.3657e+05,0
7.3657e+05,0
7.3657e+05,0
7.3657e+05,0
7.3657e+05,0
7.3657e+05,5.503
7.3657e+05,155.87
7.3657e+05,298.38
7.3657e+05,731.19
7.3657e+05,1467.1
7.3657e+05,1866.5
7.3657e+05,1201.9
7.3657e+05,1629.9
7.3657e+05,2269.4
7.3657e+05,2107.8
7.3657e+05,1685.9
7.3657e+05,427.49
7.3657e+05,132.64
7.3657e+05,34.161
7.3657e+05,0
7.3657e+05,0
7.3657e+05,0
7.3657e+05,0
7.3657e+05,0
7.3657e+05,0
7.3657e+05,0
7.3657e+05,0
7.3657e+05,0
7.3657e+05,0
7.3657e+05,0
7.3657e+05,84.811
7.3657e+05,235.87
7.3657e+05,67.627
7.3657e+05,226.85
7.3657e+05,119.01
7.3657e+05,91.639
7.3657e+05,355.13
7.3657e+05,1073.5
7.3657e+05,1853
7.3657e+05,1626.3
7.3657e+05,554.15
7.3657e+05,210.48
7.3657e+05,10.732
7.3657e+05,0
7.3657e+05,0
7.3657e+05,0
7.3657e+05,0
7.3657e+05,0
7.3657e+05,0
7.3657e+05,0
7.3657e+05,0
7.3657e+05,0
7.3657e+05,0
7.3657e+05,3.79
7.3657e+05,56.571
7.3657e+05,257.26
7.3657e+05,373.66
7.3657e+05,923.36
7.3657e+05,1474.4
7.3657e+05,1636.8
7.3657e+05,2213.8
7.3657e+05,2121.8
7.3657e+05,2091
7.3657e+05,1687.6
7.3657e+05,559.77
7.3657e+05,173.17
7.3657e+05,39.635
7.3657e+05,0
7.3657e+05,0
7.3657e+05,0
7.3657e+05,NaN
7.3657e+05,NaN
7.3657e+05,NaN
7.3657e+05,NaN
7.3657e+05,NaN
7.3657e+05,NaN
7.3657e+05,NaN
7.3657e+05,NaN
7.3657e+05,NaN
7.3657e+05,NaN
7.3657e+05,NaN
7.3657e+05,1559.2
7.3657e+05,NaN
7.3657e+05,NaN
7.3657e+05,2380.7
7.3657e+05,2334
7.3657e+05,2156.6
7.3657e+05,1738.2
7.3657e+05,423.4
7.3657e+05,140.86
7.3657e+05,32.533
7.3657e+05,0
7.3657e+05,0
7.3657e+05,0
7.3657e+05,0
7.3657e+05,0
7.3657e+05,0
7.3657e+05,0
7.3657e+05,0
7.3657e+05,0
7.3657e+05,0
7.3657e+05,0
7.3657e+05,35.281
7.3657e+05,233.06
7.3657e+05,284.82
7.3657e+05,565.12
7.3657e+05,1221.1
7.3657e+05,2155.4
7.3657e+05,1910.3
7.3657e+05,1405.7
7.3657e+05,729.14
7.3657e+05,202.01
7.3657e+05,155.72
7.3657e+05,240.43
7.3657e+05,105.55
7.3657e+05,0
7.3657e+05,0
7.3657e+05,0
7.3657e+05,0
7.3657e+05,0
7.3657e+05,0
7.3658e+05,0
7.3658e+05,0
7.3658e+05,0
7.3658e+05,0
7.3658e+05,0
7.3658e+05,66.817
7.3658e+05,227.69
7.3658e+05,901.26
7.3658e+05,1432.5
7.3658e+05,1667.2
7.3658e+05,1653.2
7.3658e+05,1758.5
7.3658e+05,1474.1
7.3658e+05,1930
7.3658e+05,1587.7
7.3658e+05,574.26
7.3658e+05,246.68
7.3658e+05,43.626
7.3658e+05,0
7.3658e+05,0
7.3658e+05,0
7.3658e+05,0
7.3658e+05,0
7.3658e+05,0
7.3658e+05,0
7.3658e+05,0
7.3658e+05,0
7.3658e+05,0
7.3658e+05,0
7.3658e+05,98.995
7.3658e+05,309.39
7.3658e+05,808.39
7.3658e+05,1337.4
7.3658e+05,1245.8
7.3658e+05,1358
7.3658e+05,1317.3
7.3658e+05,1044.1
7.3658e+05,2167.8
7.3658e+05,1642
7.3658e+05,762.97
7.3658e+05,163.02
7.3658e+05,13.49
7.3658e+05,0
7.3658e+05,0
7.3658e+05,0
7.3658e+05,0
7.3658e+05,0
7.3658e+05,0
7.3658e+05,0
7.3658e+05,0
7.3658e+05,0
7.3658e+05,0
7.3658e+05,0
7.3658e+05,61.016
7.3658e+05,209.4
7.3658e+05,991.24
7.3658e+05,1210.1
7.3658e+05,1314.4
7.3658e+05,1503.4
7.3658e+05,1183.9
7.3658e+05,403.02
7.3658e+05,438.85
7.3658e+05,504.28
7.3658e+05,191.03
7.3658e+05,67.352
7.3658e+05,2.629
7.3658e+05,0
7.3658e+05,0
7.3658e+05,0
7.3658e+05,0
7.3658e+05,0
7.3658e+05,0
7.3658e+05,0
7.3658e+05,0
7.3658e+05,0
7.3658e+05,0
7.3658e+05,0
7.3658e+05,51.583
7.3658e+05,92.812
7.3658e+05,490.4
7.3658e+05,1668.4
7.3658e+05,1560.2
7.3658e+05,1938.7
7.3658e+05,1942.9
7.3658e+05,2000.3
7.3658e+05,882.03
7.3658e+05,766.5
7.3658e+05,565.73
7.3658e+05,197.03
7.3658e+05,9.6146
7.3658e+05,0
7.3658e+05,0
7.3658e+05,0
7.3658e+05,0
7.3658e+05,0
7.3658e+05,0
7.3658e+05,0
7.3658e+05,0
7.3658e+05,0
7.3658e+05,0
7.3658e+05,0
7.3658e+05,19.227
7.3658e+05,141.13
7.3658e+05,356.68
7.3658e+05,652.52
7.3658e+05,1493.6
7.3658e+05,1633.6
7.3658e+05,2176.8
7.3658e+05,1928.4
7.3658e+05,1601.8
7.3658e+05,1363.3
7.3658e+05,712.97
7.3658e+05,223.86
7.3658e+05,35.926
7.3658e+05,0
7.3658e+05,0
7.3658e+05,0
7.3658e+05,0
7.3658e+05,0
7.3658e+05,0
7.3658e+05,0
7.3658e+05,0
7.3658e+05,0
7.3658e+05,0
7.3658e+05,0
7.3658e+05,62.194
7.3658e+05,195.62
7.3658e+05,521.96
7.3658e+05,1573.8
7.3658e+05,2076.4
7.3658e+05,2335.5
7.3658e+05,2428.3
7.3658e+05,2384.4
7.3658e+05,2180.1
7.3658e+05,1687.5
7.3658e+05,437.59
7.3658e+05,122.43
7.3658e+05,19.009
7.3658e+05,0
7.3658e+05,0
7.3658e+05,0
7.3658e+05,0
7.3658e+05,0
7.3658e+05,0
7.3658e+05,0
7.3658e+05,0
7.3658e+05,0
7.3658e+05,0
7.3658e+05,0
7.3658e+05,48.085
7.3658e+05,149.15
7.3658e+05,935.65
7.3658e+05,1561.4
7.3658e+05,1987.4
7.3658e+05,2248
7.3658e+05,2337.9
7.3658e+05,2293.4
7.3658e+05,1917.4
7.3658e+05,1566.4
7.3658e+05,445.02
7.3658e+05,145.77
7.3658e+05,16.074
7.3658e+05,0
7.3658e+05,0
7.3658e+05,0
7.3658e+05,0
7.3658e+05,0
7.3658e+05,0
7.3658e+05,0
7.3658e+05,0
7.3658e+05,0
7.3658e+05,0
7.3658e+05,0
7.3658e+05,47.839
7.3658e+05,170.11
7.3658e+05,896.62
7.3658e+05,1500.6
7.3658e+05,1909
7.3658e+05,688.33
7.3658e+05,1562.4
7.3658e+05,1463.7
7.3658e+05,1293.1
7.3658e+05,1489.8
7.3658e+05,377.98
7.3658e+05,146.86
7.3658e+05,13.979
7.3658e+05,0
7.3658e+05,0
7.3658e+05,0
7.3658e+05,0
7.3658e+05,0
7.3658e+05,0
7.3658e+05,0
7.3658e+05,0
7.3658e+05,0
7.3658e+05,0
7.3658e+05,0
7.3658e+05,50.836
7.3658e+05,166.61
7.3658e+05,851.91
7.3658e+05,1458.8
7.3658e+05,1897.1
7.3658e+05,2164.9
7.3658e+05,2284.9
7.3658e+05,2245.4
7.3658e+05,2104.8
7.3658e+05,1137
7.3658e+05,376.97
7.3658e+05,114.31
7.3658e+05,20.82
7.3658e+05,0
7.3658e+05,0
7.3658e+05,0
7.3658e+05,0
7.3658e+05,0
7.3658e+05,0
7.3658e+05,0
7.3658e+05,0
7.3658e+05,0
7.3658e+05,0
7.3658e+05,0
7.3658e+05,58.62
7.3658e+05,189.18
7.3658e+05,819.75
7.3658e+05,1439.4
7.3658e+05,1848
7.3658e+05,1960.6
7.3658e+05,2308.2
7.3658e+05,1751.1
7.3658e+05,1494.7
7.3658e+05,1505.7
7.3658e+05,328.47
7.3658e+05,43.823
7.3658e+05,9.3467
7.3658e+05,0
7.3658e+05,0
7.3658e+05,0
7.3658e+05,0
7.3658e+05,0
7.3658e+05,0
7.3659e+05,0
7.3659e+05,0
7.3659e+05,0
7.3659e+05,0
7.3659e+05,0
7.3659e+05,49.38
7.3659e+05,165.55
7.3659e+05,845.02
7.3659e+05,1450.7
7.3659e+05,1816.8
7.3659e+05,2121.1
7.3659e+05,2221.2
7.3659e+05,2162.9
7.3659e+05,1957.5
7.3659e+05,1503.3
7.3659e+05,342.16
7.3659e+05,98.441
7.3659e+05,8.662
7.3659e+05,0
7.3659e+05,0
7.3659e+05,0
7.3659e+05,0
7.3659e+05,0
7.3659e+05,0
7.3659e+05,0
7.3659e+05,0
7.3659e+05,0
7.3659e+05,0
7.3659e+05,0
7.3659e+05,42.112
7.3659e+05,139.89
7.3659e+05,847.18
7.3659e+05,1474.6
7.3659e+05,1897.8
7.3659e+05,2157.6
7.3659e+05,2278.4
7.3659e+05,2231.2
7.3659e+05,2043.4
7.3659e+05,1535.4
7.3659e+05,488.23
7.3659e+05,94.213
7.3659e+05,7.4537
7.3659e+05,NaN
7.3659e+05,NaN
7.3659e+05,NaN
7.3659e+05,NaN
7.3659e+05,NaN
7.3659e+05,NaN
7.3659e+05,NaN
7.3659e+05,NaN
7.3659e+05,NaN
7.3659e+05,NaN
7.3659e+05,NaN
7.3659e+05,NaN
7.3659e+05,NaN
7.3659e+05,NaN
7.3659e+05,NaN
7.3659e+05,NaN
7.3659e+05,NaN
7.3659e+05,NaN
7.3659e+05,NaN
7.3659e+05,NaN
7.3659e+05,NaN
7.3659e+05,NaN
7.3659e+05,NaN
7.3659e+05,NaN
7.3659e+05,NaN
7.3659e+05,NaN
7.3659e+05,NaN
7.3659e+05,NaN
7.3659e+05,NaN
7.3659e+05,NaN
7.3659e+05,NaN
7.3659e+05,NaN
7.3659e+05,NaN
7.3659e+05,NaN
7.3659e+05,NaN
7.3659e+05,NaN
7.3659e+05,NaN
7.3659e+05,1127.1
7.3659e+05,1496
7.3659e+05,1896
7.3659e+05,2155
7.3659e+05,2260.4
7.3659e+05,1834.3
7.3659e+05,1027.3
7.3659e+05,630.67
7.3659e+05,223.32
7.3659e+05,171.98
7.3659e+05,0.88168
7.3659e+05,0
7.3659e+05,0
7.3659e+05,0
7.3659e+05,0
7.3659e+05,0
7.3659e+05,0
7.3659e+05,0
7.3659e+05,0
7.3659e+05,0
7.3659e+05,0
7.3659e+05,0
7.3659e+05,93.709
7.3659e+05,305.56
7.3659e+05,669.43
7.3659e+05,1078.7
7.3659e+05,1598.3
7.3659e+05,1759.4
7.3659e+05,1143.9
7.3659e+05,818.18
7.3659e+05,733.85
7.3659e+05,425.82
7.3659e+05,151.45
7.3659e+05,0.042105
7.3659e+05,0
7.3659e+05,0
7.3659e+05,0
7.3659e+05,0
7.3659e+05,0
7.3659e+05,0
7.3659e+05,0
7.3659e+05,0
7.3659e+05,0
7.3659e+05,0
7.3659e+05,0
7.3659e+05,0
7.3659e+05,0
7.3659e+05,49.095
7.3659e+05,112.98
7.3659e+05,160.19
7.3659e+05,219.31
7.3659e+05,210.93
7.3659e+05,184.89
7.3659e+05,132.32
7.3659e+05,106.63
7.3659e+05,79.701
7.3659e+05,46.692
7.3659e+05,11.79
7.3659e+05,0
7.3659e+05,0
7.3659e+05,0
7.3659e+05,0
7.3659e+05,0
7.3659e+05,0
7.3659e+05,0
7.3659e+05,0
7.3659e+05,0
7.3659e+05,0
7.3659e+05,0
7.3659e+05,0
7.3659e+05,9.1868
7.3659e+05,114.48
7.3659e+05,226.06
7.3659e+05,257.57
7.3659e+05,220.99
7.3659e+05,273.34
7.3659e+05,350.51
7.3659e+05,251.3
7.3659e+05,394.14
7.3659e+05,181.43
7.3659e+05,50.727
7.3659e+05,5.8978
7.3659e+05,0
7.3659e+05,0
7.3659e+05,0
7.3659e+05,0
7.3659e+05,0
7.3659e+05,0
7.3659e+05,0
7.3659e+05,0
7.3659e+05,0
7.3659e+05,0
7.3659e+05,0
7.3659e+05,0
7.3659e+05,0
7.3659e+05,53.588
7.3659e+05,100.07
7.3659e+05,81.366
7.3659e+05,188.36
7.3659e+05,290.16
7.3659e+05,257.33
7.3659e+05,216.89
7.3659e+05,143.19
7.3659e+05,125.97
7.3659e+05,40.744
7.3659e+05,0.011111
7.3659e+05,0
7.3659e+05,0
7.3659e+05,0
7.3659e+05,0
7.3659e+05,0
7.3659e+05,0
7.3659e+05,0
7.3659e+05,0
7.3659e+05,0
7.3659e+05,0
7.3659e+05,0
7.3659e+05,0
7.3659e+05,8.943
7.3659e+05,72.382
7.3659e+05,264.35
7.3659e+05,566.83
7.3659e+05,569.75
7.3659e+05,381.3
7.3659e+05,389.87
7.3659e+05,1336.6
7.3659e+05,695
7.3659e+05,241.36
7.3659e+05,340.8
7.3659e+05,76.067
7.3659e+05,0.13834
7.3659e+05,0
7.3659e+05,0
7.3659e+05,0
7.3659e+05,0
7.3659e+05,0
7.3659e+05,0
7.3659e+05,0
7.3659e+05,0
7.3659e+05,0
7.3659e+05,0
7.3659e+05,0
7.3659e+05,42.829
7.3659e+05,156.53
7.3659e+05,236.53
7.3659e+05,332.2
7.3659e+05,517.08
7.3659e+05,505.17
7.3659e+05,1416.8
7.3659e+05,1886
7.3659e+05,1184.9
7.3659e+05,338.7
7.3659e+05,338
7.3659e+05,101.63
7.3659e+05,0.82027
7.3659e+05,0
7.3659e+05,0
7.3659e+05,0
7.3659e+05,0
7.3659e+05,0
7.3659e+05,0
7.366e+05,0
7.366e+05,0
7.366e+05,0
7.366e+05,0
7.366e+05,0
7.366e+05,25.397
7.366e+05,104.71
7.366e+05,770.91
7.366e+05,1405
7.366e+05,1827.4
7.366e+05,2407.4
7.366e+05,2482.4
7.366e+05,2378.1
7.366e+05,2130.1
7.366e+05,1589.9
7.366e+05,408.23
7.366e+05,104.03
7.366e+05,0.73307
7.366e+05,0
7.366e+05,0
7.366e+05,0
7.366e+05,0
7.366e+05,0
7.366e+05,0
7.366e+05,0
7.366e+05,0
7.366e+05,0
7.366e+05,0
7.366e+05,0
7.366e+05,31.42
7.366e+05,151.52
7.366e+05,690.34
7.366e+05,1241.6
7.366e+05,1373.8
7.366e+05,1514.1
7.366e+05,1475.5
7.366e+05,1169.1
7.366e+05,1517.9
7.366e+05,649.23
7.366e+05,370.15
7.366e+05,106.52
7.366e+05,0.18231
7.366e+05,0
7.366e+05,0
7.366e+05,0
7.366e+05,0
7.366e+05,0
7.366e+05,0
7.366e+05,0
7.366e+05,0
7.366e+05,0
7.366e+05,0
7.366e+05,0
7.366e+05,36.47
7.366e+05,178.47
7.366e+05,658.21
7.366e+05,1235.9
7.366e+05,1753
7.366e+05,2203.8
7.366e+05,2307.1
7.366e+05,2275.2
7.366e+05,2053.1
7.366e+05,1478.9
7.366e+05,376.26
7.366e+05,64.709
7.366e+05,0.24123
7.366e+05,0
7.366e+05,0
7.366e+05,0
7.366e+05,0
7.366e+05,0
7.366e+05,0
7.366e+05,0
7.366e+05,0
7.366e+05,0
7.366e+05,0
7.366e+05,0
7.366e+05,25.064
7.366e+05,122.85
7.366e+05,706.86
7.366e+05,1202.7
7.366e+05,1778.3
7.366e+05,2220.8
7.366e+05,2333.2
7.366e+05,2259.5
7.366e+05,1962.9
7.366e+05,1398.9
7.366e+05,383.2
7.366e+05,69.465
7.366e+05,0.015686
7.366e+05,0
7.366e+05,0
7.366e+05,NaN
7.366e+05,NaN
7.366e+05,NaN
7.366e+05,NaN
7.366e+05,NaN
7.366e+05,NaN
7.366e+05,NaN
7.366e+05,NaN
7.366e+05,NaN
7.366e+05,NaN
7.366e+05,NaN
7.366e+05,NaN
7.366e+05,NaN
7.366e+05,NaN
7.366e+05,2174
7.366e+05,1622.2
7.366e+05,1382
7.366e+05,1824.3
7.366e+05,1191.7
7.366e+05,339.33
7.366e+05,59.023
7.366e+05,0
7.366e+05,0
7.366e+05,0
7.366e+05,0
7.366e+05,0
7.366e+05,0
7.366e+05,0
7.366e+05,0
7.366e+05,0
7.366e+05,0
7.366e+05,0
7.366e+05,0
7.366e+05,42.251
7.366e+05,218.54
7.366e+05,366.37
7.366e+05,651.15
7.366e+05,1343.6
7.366e+05,1407.7
7.366e+05,1608.1
7.366e+05,2165.3
7.366e+05,1915.2
7.366e+05,1268.2
7.366e+05,342.29
7.366e+05,64.526
7.366e+05,0
7.366e+05,0
7.366e+05,0
7.366e+05,0
7.366e+05,0
7.366e+05,0
7.366e+05,0
7.366e+05,0
7.366e+05,0
7.366e+05,0
7.366e+05,0
7.366e+05,0
7.366e+05,26.537
7.366e+05,176.09
7.366e+05,596.27
7.366e+05,950.49
7.366e+05,1802.4
7.366e+05,2217.2
7.366e+05,2242
7.366e+05,1788.5
7.366e+05,1565.2
7.366e+05,899.46
7.366e+05,383.6
7.366e+05,56.949
7.366e+05,0
7.366e+05,0
7.366e+05,0
7.366e+05,0
7.366e+05,0
7.366e+05,0
7.366e+05,0
7.366e+05,0
7.366e+05,0
7.366e+05,0
7.366e+05,0
7.366e+05,0
7.366e+05,41.714
7.366e+05,125.17
7.366e+05,649.85
7.366e+05,1018
7.366e+05,1714
7.366e+05,NaN
7.366e+05,NaN
7.366e+05,2229.2
7.366e+05,2053.8
7.366e+05,1431.5
7.366e+05,279.97
7.366e+05,29.823
7.366e+05,0
7.366e+05,0
7.366e+05,0
7.366e+05,0
7.366e+05,0
7.366e+05,0
7.366e+05,0
7.366e+05,0
7.366e+05,0
7.366e+05,0
7.366e+05,0
7.366e+05,0
7.366e+05,13.741
7.366e+05,82.423
7.366e+05,547.34
7.366e+05,977.73
7.366e+05,1576.2
7.366e+05,2206.9
7.366e+05,2325
7.366e+05,2272.3
7.366e+05,2032.5
7.366e+05,1366.9
7.366e+05,282.73
7.366e+05,29.745
7.366e+05,0
7.366e+05,0
7.366e+05,0
7.366e+05,0
7.366e+05,0
7.366e+05,0
7.366e+05,0
7.366e+05,0
7.366e+05,0
7.366e+05,0
7.366e+05,0
7.366e+05,0
7.366e+05,10.369
7.366e+05,249.55
7.366e+05,503.14
7.366e+05,929.25
7.366e+05,1340.8
7.366e+05,1989.7
7.366e+05,1285.2
7.366e+05,1553.8
7.366e+05,1565.9
7.366e+05,792.17
7.366e+05,128.47
7.366e+05,16.533
7.366e+05,0
7.366e+05,0
7.366e+05,0
7.366e+05,0
7.366e+05,0
7.366e+05,0
7.366e+05,0
7.3661e+05,0
7.3661e+05,0
7.3661e+05,0
7.3661e+05,0
7.3661e+05,0
7.3661e+05,2.8387
7.3661e+05,56.718
7.3661e+05,130.01
7.3661e+05,181.98
7.3661e+05,257.69
7.3661e+05,190.4
7.3661e+05,197.44
7.3661e+05,381.6
7.3661e+05,478.68
7.3661e+05,78.757
7.3661e+05,26.417
7.3661e+05,0.39974
7.3661e+05,0
7.3661e+05,0
7.3661e+05,0
7.3661e+05,0
7.3661e+05,0
7.3661e+05,0
7.3661e+05,0
7.3661e+05,0
7.3661e+05,0
7.3661e+05,0
7.3661e+05,0
7.3661e+05,0
7.3661e+05,0
7.3661e+05,123.28
7.3661e+05,469.72
7.3661e+05,688.86
7.3661e+05,1326.1
7.3661e+05,1770
7.3661e+05,1111.2
7.3661e+05,538.68
7.3661e+05,516.91
7.3661e+05,717.91
7.3661e+05,75.201
7.3661e+05,19.829
7.3661e+05,0
7.3661e+05,0
7.3661e+05,0
7.3661e+05,0
7.3661e+05,0
7.3661e+05,0
7.3661e+05,0
7.3661e+05,0
7.3661e+05,0
7.3661e+05,0
7.3661e+05,0
7.3661e+05,0
7.3661e+05,4.6617
7.3661e+05,67.179
7.3661e+05,142.87
7.3661e+05,159.8
7.3661e+05,330.33
7.3661e+05,395.46
7.3661e+05,229.94
7.3661e+05,176.83
7.3661e+05,122.37
7.3661e+05,81.232
7.3661e+05,56.083
7.3661e+05,0
7.3661e+05,0
7.3661e+05,0
7.3661e+05,0
7.3661e+05,0
7.3661e+05,0
7.3661e+05,0
7.3661e+05,0
7.3661e+05,0
7.3661e+05,0
7.3661e+05,0
7.3661e+05,0
7.3661e+05,0
7.3661e+05,10.682
7.3661e+05,109.87
7.3661e+05,614.73
7.3661e+05,966.53
7.3661e+05,1866.9
7.3661e+05,2166.1
7.3661e+05,1755.1
7.3661e+05,1398.8
7.3661e+05,1368.3
7.3661e+05,688.14
7.3661e+05,222.8
7.3661e+05,22.691
7.3661e+05,0
7.3661e+05,0
7.3661e+05,0
7.3661e+05,0
7.3661e+05,0
7.3661e+05,0
7.3661e+05,0
7.3661e+05,0
7.3661e+05,0
7.3661e+05,0
7.3661e+05,0
7.3661e+05,0
7.3661e+05,3.6205
7.3661e+05,69.08
7.3661e+05,205.66
7.3661e+05,291.13
7.3661e+05,330.71
7.3661e+05,239.05
7.3661e+05,258.31
7.3661e+05,525.52
7.3661e+05,588.63
7.3661e+05,365.71
7.3661e+05,60.68
7.3661e+05,1.0712
7.3661e+05,0
7.3661e+05,0
7.3661e+05,0
7.3661e+05,0
7.3661e+05,0
7.3661e+05,0
7.3661e+05,0
7.3661e+05,0
7.3661e+05,0
7.3661e+05,0
7.3661e+05,0
7.3661e+05,0
7.3661e+05,0
7.3661e+05,16.795
7.3661e+05,85.109
7.3661e+05,291.79
7.3661e+05,440.91
7.3661e+05,185.59
7.3661e+05,329.59
7.3661e+05,450.05
7.3661e+05,246.48
7.3661e+05,NaN
7.3661e+05,NaN
7.3661e+05,NaN
7.3661e+05,NaN
7.3661e+05,NaN
7.3661e+05,NaN
7.3661e+05,NaN
7.3661e+05,NaN
7.3661e+05,NaN
7.3661e+05,NaN
7.3661e+05,NaN
7.3661e+05,NaN
7.3661e+05,NaN
7.3661e+05,NaN
7.3661e+05,NaN
7.3661e+05,NaN
7.3661e+05,NaN
7.3661e+05,NaN
7.3661e+05,NaN
7.3661e+05,NaN
7.3661e+05,NaN
7.3661e+05,NaN
7.3661e+05,NaN
7.3661e+05,NaN
7.3661e+05,NaN
7.3661e+05,NaN
7.3661e+05,NaN
7.3661e+05,NaN
7.3661e+05,NaN
7.3661e+05,NaN
7.3661e+05,NaN
7.3661e+05,NaN
7.3661e+05,NaN
7.3661e+05,NaN
7.3661e+05,NaN
7.3661e+05,NaN
7.3661e+05,NaN
7.3661e+05,NaN
7.3661e+05,NaN
7.3661e+05,NaN
7.3661e+05,NaN
7.3661e+05,NaN
7.3661e+05,NaN
7.3661e+05,NaN
7.3661e+05,NaN
7.3661e+05,NaN
7.3661e+05,NaN
7.3661e+05,NaN
7.3661e+05,NaN
7.3661e+05,NaN
7.3661e+05,NaN
7.3661e+05,NaN
7.3661e+05,NaN
7.3661e+05,NaN
7.3661e+05,NaN
7.3661e+05,NaN
7.3661e+05,NaN
7.3661e+05,NaN
7.3661e+05,NaN
7.3661e+05,NaN
7.3661e+05,NaN
7.3661e+05,NaN
7.3661e+05,NaN
7.3661e+05,NaN
7.3661e+05,NaN
7.3661e+05,NaN
7.3661e+05,NaN
7.3661e+05,NaN
7.3661e+05,NaN
7.3661e+05,NaN
7.3661e+05,NaN
7.3661e+05,NaN
7.3661e+05,NaN
7.3661e+05,NaN
7.3661e+05,NaN
7.3661e+05,NaN
7.3661e+05,NaN
7.3661e+05,NaN
7.3661e+05,NaN
7.3661e+05,NaN
7.3661e+05,NaN
7.3661e+05,NaN
7.3661e+05,NaN
7.3661e+05,NaN
7.3661e+05,NaN
7.3661e+05,NaN
7.3661e+05,NaN
7.3661e+05,NaN
7.3661e+05,NaN
7.3661e+05,NaN
7.3661e+05,NaN
7.3661e+05,NaN
7.3661e+05,NaN
7.3661e+05,NaN
7.3661e+05,NaN
7.3661e+05,NaN
7.3661e+05,NaN
7.3661e+05,NaN
7.3661e+05,NaN
7.3661e+05,NaN
7.3661e+05,NaN
7.3661e+05,NaN
7.3661e+05,NaN
7.3661e+05,NaN
7.3661e+05,NaN
7.3661e+05,NaN
7.3662e+05,NaN
7.3662e+05,NaN
7.3662e+05,NaN
7.3662e+05,NaN
7.3662e+05,NaN
7.3662e+05,NaN
7.3662e+05,NaN
7.3662e+05,NaN
7.3662e+05,NaN
7.3662e+05,557.03
7.3662e+05,795.26
7.3662e+05,958.46
7.3662e+05,676.1
7.3662e+05,474.42
7.3662e+05,703.16
7.3662e+05,155.67
7.3662e+05,15.337
7.3662e+05,0
7.3662e+05,0
7.3662e+05,0
7.3662e+05,0
7.3662e+05,0
7.3662e+05,0
7.3662e+05,0
7.3662e+05,0
7.3662e+05,0
7.3662e+05,0
7.3662e+05,0
7.3662e+05,0
7.3662e+05,2.5833
7.3662e+05,106.88
7.3662e+05,268.28
7.3662e+05,662.86
7.3662e+05,1435.9
7.3662e+05,1761.2
7.3662e+05,2133.5
7.3662e+05,1550.4
7.3662e+05,721.67
7.3662e+05,684.52
7.3662e+05,171.1
7.3662e+05,7.2571
7.3662e+05,0
7.3662e+05,0
7.3662e+05,0
7.3662e+05,0
7.3662e+05,0
7.3662e+05,0
7.3662e+05,0
7.3662e+05,0
7.3662e+05,0
7.3662e+05,0
7.3662e+05,0
7.3662e+05,0
7.3662e+05,0
7.3662e+05,72.093
7.3662e+05,335.26
7.3662e+05,747.36
7.3662e+05,721.15
7.3662e+05,920.89
7.3662e+05,614.26
7.3662e+05,544.63
7.3662e+05,579.96
7.3662e+05,477.24
7.3662e+05,83.944
7.3662e+05,0.059259
7.3662e+05,0
7.3662e+05,0
7.3662e+05,0
7.3662e+05,0
7.3662e+05,0
7.3662e+05,0
7.3662e+05,0
7.3662e+05,0
7.3662e+05,0
7.3662e+05,0
7.3662e+05,0
7.3662e+05,0
7.3662e+05,0
7.3662e+05,92.456
7.3662e+05,250.42
7.3662e+05,831.22
7.3662e+05,1269.2
7.3662e+05,2133.6
7.3662e+05,2108.8
7.3662e+05,600.87
7.3662e+05,256.14
7.3662e+05,101.24
7.3662e+05,85.864
7.3662e+05,0.11053
7.3662e+05,0
7.3662e+05,0
7.3662e+05,0
7.3662e+05,0
7.3662e+05,0
7.3662e+05,0
7.3662e+05,0
7.3662e+05,0
7.3662e+05,0
7.3662e+05,0
7.3662e+05,0
7.3662e+05,0
7.3662e+05,0.8794
7.3662e+05,108.94
7.3662e+05,239.88
7.3662e+05,783.73
7.3662e+05,1228.6
7.3662e+05,2073.1
7.3662e+05,1897
7.3662e+05,1790
7.3662e+05,1643.4
7.3662e+05,688.5
7.3662e+05,91.937
7.3662e+05,1.4613
7.3662e+05,0
7.3662e+05,0
7.3662e+05,0
7.3662e+05,0
7.3662e+05,0
7.3662e+05,0
7.3662e+05,0
7.3662e+05,0
7.3662e+05,0
7.3662e+05,0
7.3662e+05,0
7.3662e+05,0
7.3662e+05,4.2508
7.3662e+05,132.79
7.3662e+05,399.29
7.3662e+05,770.55
7.3662e+05,1076.3
7.3662e+05,924.43
7.3662e+05,622.31
7.3662e+05,582.87
7.3662e+05,460.69
7.3662e+05,304.22
7.3662e+05,126.38
7.3662e+05,1.1732
7.3662e+05,0
7.3662e+05,0
7.3662e+05,0
7.3662e+05,0
7.3662e+05,0
7.3662e+05,0
7.3662e+05,0
7.3662e+05,0
7.3662e+05,0
7.3662e+05,0
7.3662e+05,0
7.3662e+05,0
7.3662e+05,0
7.3662e+05,5.9373
7.3662e+05,220.09
7.3662e+05,188.65
7.3662e+05,216.72
7.3662e+05,312.44
7.3662e+05,334.09
7.3662e+05,329.98
7.3662e+05,242.61
7.3662e+05,443.8
7.3662e+05,44.944
7.3662e+05,0.58806
7.3662e+05,0
7.3662e+05,0
7.3662e+05,0
7.3662e+05,0
7.3662e+05,0
7.3662e+05,0
7.3662e+05,0
7.3662e+05,0
7.3662e+05,0
7.3662e+05,0
7.3662e+05,0
7.3662e+05,0
7.3662e+05,0
7.3662e+05,18.13
7.3662e+05,76.108
7.3662e+05,268.39
7.3662e+05,415.39
7.3662e+05,191.26
7.3662e+05,885.29
7.3662e+05,111.77
7.3662e+05,326.74
7.3662e+05,105.72
7.3662e+05,42.006
7.3662e+05,0
7.3662e+05,0
7.3662e+05,0
7.3662e+05,0
7.3662e+05,0
7.3662e+05,0
7.3662e+05,0
7.3662e+05,0
7.3662e+05,0
7.3662e+05,0
7.3662e+05,0
7.3662e+05,0
7.3662e+05,0
7.3662e+05,0
7.3662e+05,59.353
7.3662e+05,190.74
7.3662e+05,401.85
7.3662e+05,1192.8
7.3662e+05,544.57
7.3662e+05,907.25
7.3662e+05,1737.2
7.3662e+05,1206.4
7.3662e+05,587.76
7.3662e+05,59.067
7.3662e+05,1.4384
7.3662e+05,0
7.3662e+05,0
7.3662e+05,0
7.3662e+05,0
7.3662e+05,0
7.3662e+05,0
7.3662e+05,0
7.3662e+05,0
7.3662e+05,0
7.3662e+05,0
7.3662e+05,0
7.3662e+05,0
7.3662e+05,0
7.3662e+05,0
7.3662e+05,69.036
7.3662e+05,111.23
7.3662e+05,217.81
7.3662e+05,180.41
7.3662e+05,317.36
7.3662e+05,347.17
7.3662e+05,147.14
7.3662e+05,70.954
7.3662e+05,33.721
7.3662e+05,0
7.3662e+05,0
7.3662e+05,0
7.3662e+05,0
7.3662e+05,0
7.3662e+05,0
7.3662e+05,0
7.3662e+05,0
7.3663e+05,0
7.3663e+05,0
7.3663e+05,0
7.3663e+05,0
7.3663e+05,0
7.3663e+05,0
7.3663e+05,120.51
7.3663e+05,274.56
7.3663e+05,738.62
7.3663e+05,1247.6
7.3663e+05,2089.5
7.3663e+05,2183.3
7.3663e+05,1847
7.3663e+05,1465.6
7.3663e+05,331.78
7.3663e+05,121.38
7.3663e+05,0.90075
7.3663e+05,0
7.3663e+05,0
7.3663e+05,0
7.3663e+05,0
7.3663e+05,0
7.3663e+05,0
7.3663e+05,0
7.3663e+05,0
7.3663e+05,0
7.3663e+05,0
7.3663e+05,0
7.3663e+05,0
7.3663e+05,0
7.3663e+05,79.999
7.3663e+05,271.66
7.3663e+05,718.7
7.3663e+05,1092.2
7.3663e+05,1703.1
7.3663e+05,2099.6
7.3663e+05,1538.5
7.3663e+05,291.86
7.3663e+05,228.08
7.3663e+05,52.089
7.3663e+05,0
7.3663e+05,0
7.3663e+05,0
7.3663e+05,0
7.3663e+05,0
7.3663e+05,0
7.3663e+05,0
7.3663e+05,0
7.3663e+05,0
7.3663e+05,0
7.3663e+05,0
7.3663e+05,0
7.3663e+05,0
7.3663e+05,0
7.3663e+05,99.074
7.3663e+05,255.21
7.3663e+05,693.26
7.3663e+05,1040.8
7.3663e+05,1203.1
7.3663e+05,1257.2
7.3663e+05,803.31
7.3663e+05,681.51
7.3663e+05,279.1
7.3663e+05,120.99
7.3663e+05,0.15819
7.3663e+05,0
7.3663e+05,0
7.3663e+05,0
7.3663e+05,0
7.3663e+05,0
7.3663e+05,0
7.3663e+05,0
7.3663e+05,0
7.3663e+05,0
7.3663e+05,0
7.3663e+05,0
7.3663e+05,0
7.3663e+05,0
7.3663e+05,16.456
7.3663e+05,107.74
7.3663e+05,264.5
7.3663e+05,399.45
7.3663e+05,552.96
7.3663e+05,260.76
7.3663e+05,215.13
7.3663e+05,178.51
7.3663e+05,58.226
7.3663e+05,2.3563
7.3663e+05,0
7.3663e+05,0
7.3663e+05,0
7.3663e+05,0
7.3663e+05,0
7.3663e+05,0
7.3663e+05,0
7.3663e+05,0
7.3663e+05,0
7.3663e+05,0
7.3663e+05,0
7.3663e+05,0
7.3663e+05,0
7.3663e+05,0
7.3663e+05,40.758
7.3663e+05,139.03
7.3663e+05,210.83
7.3663e+05,541.68
7.3663e+05,498.22
7.3663e+05,975.86
7.3663e+05,595.35
7.3663e+05,280.3
7.3663e+05,112.96
7.3663e+05,25.329
7.3663e+05,0
7.3663e+05,0
7.3663e+05,0
7.3663e+05,0
7.3663e+05,0
7.3663e+05,0
7.3663e+05,0
7.3663e+05,0
7.3663e+05,0
7.3663e+05,0
7.3663e+05,0
7.3663e+05,0
7.3663e+05,0
7.3663e+05,0
7.3663e+05,11.25
7.3663e+05,123.07
7.3663e+05,290.82
7.3663e+05,344.18
7.3663e+05,442.52
7.3663e+05,929.64
7.3663e+05,1125
7.3663e+05,1093.1
7.3663e+05,381.1
7.3663e+05,81.693
7.3663e+05,0
7.3663e+05,0
7.3663e+05,0
7.3663e+05,0
7.3663e+05,0
7.3663e+05,0
7.3663e+05,0
7.3663e+05,0
7.3663e+05,0
7.3663e+05,0
7.3663e+05,0
7.3663e+05,0
7.3663e+05,0
7.3663e+05,0
7.3663e+05,76.859
7.3663e+05,140.23
7.3663e+05,660.65
7.3663e+05,1072.9
7.3663e+05,1655
7.3663e+05,1898.9
7.3663e+05,1615.6
7.3663e+05,927.64
7.3663e+05,413.68
7.3663e+05,99.172
7.3663e+05,0
7.3663e+05,0
7.3663e+05,0
7.3663e+05,0
7.3663e+05,0
7.3663e+05,0
7.3663e+05,0
7.3663e+05,0
7.3663e+05,0
7.3663e+05,0
7.3663e+05,0
7.3663e+05,0
7.3663e+05,0
7.3663e+05,0
7.3663e+05,33.143
7.3663e+05,117.41
7.3663e+05,200.55
7.3663e+05,362.09
7.3663e+05,345.72
7.3663e+05,244.61
7.3663e+05,150.63
7.3663e+05,172.45
7.3663e+05,95.884
7.3663e+05,42.338
7.3663e+05,0
7.3663e+05,0
7.3663e+05,0
7.3663e+05,0
7.3663e+05,0
7.3663e+05,0
7.3663e+05,0
7.3663e+05,0
7.3663e+05,0
7.3663e+05,0
7.3663e+05,0
7.3663e+05,0
7.3663e+05,0
7.3663e+05,0
7.3663e+05,28.377
7.3663e+05,195.14
7.3663e+05,348.3
7.3663e+05,924.15
7.3663e+05,2018.8
7.3663e+05,2101.5
7.3663e+05,1873.3
7.3663e+05,1408.2
7.3663e+05,229.32
7.3663e+05,40.391
7.3663e+05,0
7.3663e+05,0
7.3663e+05,0
7.3663e+05,0
7.3663e+05,0
7.3663e+05,0
7.3663e+05,0
7.3663e+05,0
7.3663e+05,0
7.3663e+05,0
7.3663e+05,0
7.3663e+05,0
7.3663e+05,0
7.3663e+05,0
7.3663e+05,27.133
7.3663e+05,100.87
7.3663e+05,568.62
7.3663e+05,1115.5
7.3663e+05,2039.5
7.3663e+05,2135.5
7.3663e+05,2060.9
7.3663e+05,NaN
7.3663e+05,NaN
7.3663e+05,NaN
7.3663e+05,NaN
7.3663e+05,NaN
7.3663e+05,NaN
7.3663e+05,NaN
7.3663e+05,NaN
7.3663e+05,NaN
7.3663e+05,NaN
7.3663e+05,NaN
7.3664e+05,NaN
7.3664e+05,NaN
7.3664e+05,NaN
7.3664e+05,NaN
7.3664e+05,NaN
7.3664e+05,NaN
7.3664e+05,NaN
7.3664e+05,NaN
7.3664e+05,NaN
7.3664e+05,NaN
7.3664e+05,NaN
7.3664e+05,NaN
7.3664e+05,NaN
7.3664e+05,NaN
7.3664e+05,NaN
7.3664e+05,NaN
7.3664e+05,NaN
7.3664e+05,NaN
7.3664e+05,NaN
7.3664e+05,NaN
7.3664e+05,NaN
7.3664e+05,NaN
7.3664e+05,NaN
7.3664e+05,NaN
7.3664e+05,NaN
7.3664e+05,NaN
7.3664e+05,NaN
7.3664e+05,NaN
7.3664e+05,NaN
7.3664e+05,NaN
7.3664e+05,NaN
7.3664e+05,NaN
7.3664e+05,62.352
7.3664e+05,73.109
7.3664e+05,56.9
7.3664e+05,68.67
7.3664e+05,83.535
7.3664e+05,45.976
7.3664e+05,19.59
7.3664e+05,4.8057
7.3664e+05,0
7.3664e+05,0
7.3664e+05,0
7.3664e+05,0
7.3664e+05,0
7.3664e+05,0
7.3664e+05,0
7.3664e+05,0
7.3664e+05,0
7.3664e+05,0
7.3664e+05,0
7.3664e+05,0
7.3664e+05,0
7.3664e+05,0
7.3664e+05,16.354
7.3664e+05,98.463
7.3664e+05,205.9
7.3664e+05,908.97
7.3664e+05,1175.4
7.3664e+05,878
7.3664e+05,715.14
7.3664e+05,1153.5
7.3664e+05,214.08
7.3664e+05,37.765
7.3664e+05,0
7.3664e+05,0
7.3664e+05,0
7.3664e+05,0
7.3664e+05,0
7.3664e+05,0
7.3664e+05,0
7.3664e+05,0
7.3664e+05,0
7.3664e+05,0
7.3664e+05,0
7.3664e+05,0
7.3664e+05,0
7.3664e+05,0
7.3664e+05,22.1
7.3664e+05,113.46
7.3664e+05,497.24
7.3664e+05,930.47
7.3664e+05,1717.6
7.3664e+05,2078.4
7.3664e+05,1782
7.3664e+05,1187
7.3664e+05,255.98
7.3664e+05,53.285
7.3664e+05,0
7.3664e+05,0
7.3664e+05,0
7.3664e+05,0
7.3664e+05,0
7.3664e+05,0
7.3664e+05,0
7.3664e+05,0
7.3664e+05,0
7.3664e+05,0
7.3664e+05,0
7.3664e+05,0
7.3664e+05,0
7.3664e+05,0
7.3664e+05,13.783
7.3664e+05,187.84
7.3664e+05,291.23
7.3664e+05,608.35
7.3664e+05,462.55
7.3664e+05,346.49
7.3664e+05,239.31
7.3664e+05,867.34
7.3664e+05,187.71
7.3664e+05,23.816
7.3664e+05,0
7.3664e+05,0
7.3664e+05,0
7.3664e+05,0
7.3664e+05,0
7.3664e+05,0
7.3664e+05,0
7.3664e+05,0
7.3664e+05,0
7.3664e+05,0
7.3664e+05,0
7.3664e+05,0
7.3664e+05,0
7.3664e+05,0
7.3664e+05,0
7.3664e+05,14.016
7.3664e+05,51.151
7.3664e+05,50.287
7.3664e+05,110.9
7.3664e+05,91.683
7.3664e+05,89.433
7.3664e+05,50.025
7.3664e+05,25.639
7.3664e+05,0
7.3664e+05,0
7.3664e+05,0
7.3664e+05,0
7.3664e+05,0
7.3664e+05,0
7.3664e+05,0
7.3664e+05,0
7.3664e+05,0
7.3664e+05,0
7.3664e+05,0
7.3664e+05,0
7.3664e+05,0
7.3664e+05,0
7.3664e+05,0
7.3664e+05,0.88925
7.3664e+05,34.521
7.3664e+05,58.28
7.3664e+05,379.07
7.3664e+05,466.11
7.3664e+05,547.32
7.3664e+05,416.15
7.3664e+05,684.4
7.3664e+05,307.48
7.3664e+05,43.147
7.3664e+05,0
7.3664e+05,0
7.3664e+05,0
7.3664e+05,0
7.3664e+05,0
7.3664e+05,0
7.3664e+05,0
7.3664e+05,0
7.3664e+05,0
7.3664e+05,0
7.3664e+05,0
7.3664e+05,0
7.3664e+05,0
7.3664e+05,0
7.3664e+05,0.037222
7.3664e+05,152.55
7.3664e+05,505.11
7.3664e+05,851.57
7.3664e+05,1073.3
7.3664e+05,1814.4
7.3664e+05,1268
7.3664e+05,1013.6
7.3664e+05,196.67
7.3664e+05,25.054
7.3664e+05,0
7.3664e+05,0
7.3664e+05,0
7.3664e+05,0
7.3664e+05,0
7.3664e+05,0
7.3664e+05,0
7.3664e+05,0
7.3664e+05,0
7.3664e+05,0
7.3664e+05,0
7.3664e+05,0
7.3664e+05,0
7.3664e+05,0
7.3664e+05,0
7.3664e+05,33.654
7.3664e+05,180.3
7.3664e+05,964.15
7.3664e+05,1610.6
7.3664e+05,843.72
7.3664e+05,1245.3
7.3664e+05,606.98
7.3664e+05,133.09
7.3664e+05,4.302
7.3664e+05,0
7.3664e+05,0
7.3664e+05,0
7.3664e+05,0
7.3664e+05,0
7.3664e+05,0
7.3664e+05,0
7.3664e+05,0
7.3664e+05,0
7.3664e+05,0
7.3664e+05,0
7.3664e+05,0
7.3664e+05,0
7.3664e+05,0
7.3664e+05,17.252
7.3664e+05,122.71
7.3664e+05,274.21
7.3664e+05,133.04
7.3664e+05,233.76
7.3664e+05,374.29
7.3664e+05,739.82
7.3664e+05,638.67
7.3664e+05,96.016
7.3664e+05,2.0035
7.3664e+05,0
7.3664e+05,0
7.3664e+05,0
7.3664e+05,0
7.3664e+05,0
7.3664e+05,0
7.3664e+05,0
7.3664e+05,0
7.3665e+05,0
7.3665e+05,0
7.3665e+05,0
7.3665e+05,0
7.3665e+05,0
7.3665e+05,0
7.3665e+05,0
7.3665e+05,54.616
7.3665e+05,142.06
7.3665e+05,235.94
7.3665e+05,191.38
7.3665e+05,388.19
7.3665e+05,318.78
7.3665e+05,126.16
7.3665e+05,122.08
7.3665e+05,7.4914
7.3665e+05,0
7.3665e+05,0
7.3665e+05,0
7.3665e+05,0
7.3665e+05,0
7.3665e+05,0
7.3665e+05,0
7.3665e+05,0
7.3665e+05,0
7.3665e+05,0
7.3665e+05,0
7.3665e+05,0
7.3665e+05,0
7.3665e+05,0
7.3665e+05,0
7.3665e+05,13.636
7.3665e+05,175.35
7.3665e+05,98.988
7.3665e+05,150.81
7.3665e+05,495.26
7.3665e+05,182.81
7.3665e+05,256.43
7.3665e+05,130.98
7.3665e+05,17.976
7.3665e+05,0
7.3665e+05,0
7.3665e+05,0
7.3665e+05,0
7.3665e+05,0
7.3665e+05,0
7.3665e+05,0
7.3665e+05,0
7.3665e+05,0
7.3665e+05,0
7.3665e+05,0
7.3665e+05,0
7.3665e+05,0
7.3665e+05,0
7.3665e+05,27.002
7.3665e+05,171.01
7.3665e+05,239.23
7.3665e+05,293.13
7.3665e+05,311.95
7.3665e+05,313.06
7.3665e+05,889.76
7.3665e+05,222.76
7.3665e+05,143.59
7.3665e+05,4.182
7.3665e+05,0
7.3665e+05,0
7.3665e+05,0
7.3665e+05,0
7.3665e+05,0
7.3665e+05,0
7.3665e+05,0
7.3665e+05,0
7.3665e+05,0
7.3665e+05,0
7.3665e+05,0
7.3665e+05,0
7.3665e+05,0
7.3665e+05,0
7.3665e+05,0
7.3665e+05,68.805
7.3665e+05,201.99
7.3665e+05,366.22
7.3665e+05,594.03
7.3665e+05,484.18
7.3665e+05,892.23
7.3665e+05,1129.7
7.3665e+05,295.12
7.3665e+05,21.822
7.3665e+05,0
7.3665e+05,0
7.3665e+05,0
7.3665e+05,0
7.3665e+05,0
7.3665e+05,0
7.3665e+05,0
7.3665e+05,0
7.3665e+05,0
7.3665e+05,0
7.3665e+05,0
7.3665e+05,0
7.3665e+05,0
7.3665e+05,0
7.3665e+05,10.212
7.3665e+05,120.67
7.3665e+05,317.63
7.3665e+05,681.35
7.3665e+05,734.05
7.3665e+05,812.68
7.3665e+05,416.56
7.3665e+05,354.94
7.3665e+05,102.11
7.3665e+05,1.3366
7.3665e+05,0
7.3665e+05,0
7.3665e+05,0
7.3665e+05,0
7.3665e+05,0
7.3665e+05,0
7.3665e+05,0
7.3665e+05,0
7.3665e+05,0
7.3665e+05,0
7.3665e+05,0
7.3665e+05,0
7.3665e+05,0
7.3665e+05,0
7.3665e+05,0
7.3665e+05,48.474
7.3665e+05,119.43
7.3665e+05,243.35
7.3665e+05,319.94
7.3665e+05,252.72
7.3665e+05,177.01
7.3665e+05,109.58
7.3665e+05,36.898
7.3665e+05,0.11579
7.3665e+05,0
7.3665e+05,0
7.3665e+05,0
7.3665e+05,0
7.3665e+05,0
7.3665e+05,0
7.3665e+05,0
7.3665e+05,0
7.3665e+05,0
7.3665e+05,0
7.3665e+05,0
7.3665e+05,0
7.3665e+05,0
7.3665e+05,0
7.3665e+05,1.0169
7.3665e+05,42.077
7.3665e+05,251.39
7.3665e+05,433.08
7.3665e+05,390.75
7.3665e+05,361.54
7.3665e+05,277.24
7.3665e+05,404.37
7.3665e+05,193.25
7.3665e+05,15.282
7.3665e+05,0
7.3665e+05,0
7.3665e+05,0
7.3665e+05,0
7.3665e+05,0
7.3665e+05,0
7.3665e+05,0
7.3665e+05,0
7.3665e+05,0
7.3665e+05,0
7.3665e+05,0
7.3665e+05,0
7.3665e+05,0
7.3665e+05,0
7.3665e+05,25.998
7.3665e+05,204.7
7.3665e+05,404.62
7.3665e+05,707.22
7.3665e+05,613.59
7.3665e+05,1345.8
7.3665e+05,902.94
7.3665e+05,378.05
7.3665e+05,73.093
7.3665e+05,1.3975
7.3665e+05,0
7.3665e+05,0
7.3665e+05,0
7.3665e+05,0
7.3665e+05,0
7.3665e+05,0
7.3665e+05,0
7.3665e+05,0
7.3665e+05,0
7.3665e+05,0
7.3665e+05,0
7.3665e+05,0
7.3665e+05,0
7.3665e+05,0
7.3665e+05,0
7.3665e+05,10.512
7.3665e+05,96.211
7.3665e+05,96.916
7.3665e+05,103.33
7.3665e+05,180.01
7.3665e+05,188.25
7.3665e+05,82.182
7.3665e+05,18.36
7.3665e+05,0
7.3665e+05,0
7.3665e+05,0
7.3665e+05,0
7.3665e+05,0
7.3665e+05,0
7.3665e+05,0
7.3665e+05,0
7.3665e+05,0
7.3665e+05,0
7.3665e+05,0
7.3665e+05,0
7.3665e+05,0
7.3665e+05,0
7.3665e+05,0
7.3665e+05,8.3258
7.3665e+05,135.21
7.3665e+05,311.41
7.3665e+05,675.01
7.3665e+05,1092.1
7.3665e+05,791.99
7.3665e+05,683.84
7.3665e+05,573.23
7.3665e+05,154.8
7.3665e+05,7.3506
7.3665e+05,0
7.3665e+05,0
7.3665e+05,0
7.3665e+05,0
7.3665e+05,0
7.3665e+05,0
7.3665e+05,0
7.3665e+05,0
7.3666e+05,0
7.3666e+05,0
7.3666e+05,0
7.3666e+05,0
7.3666e+05,0
7.3666e+05,0
7.3666e+05,0
7.3666e+05,107.07
7.3666e+05,188.94
7.3666e+05,988.61
7.3666e+05,953.95
7.3666e+05,1561.3
7.3666e+05,1206
7.3666e+05,443.42
7.3666e+05,143.79
7.3666e+05,3.4893
7.3666e+05,0
7.3666e+05,0
7.3666e+05,0
7.3666e+05,0
7.3666e+05,0
7.3666e+05,0
7.3666e+05,0
7.3666e+05,0
7.3666e+05,0
7.3666e+05,0
7.3666e+05,0
7.3666e+05,0
7.3666e+05,0
7.3666e+05,0
7.3666e+05,1.6521
7.3666e+05,105.76
7.3666e+05,349.12
7.3666e+05,680.92
7.3666e+05,571.22
7.3666e+05,397.84
7.3666e+05,391.03
7.3666e+05,263.37
7.3666e+05,174.51
7.3666e+05,5.0934
7.3666e+05,0
7.3666e+05,0
7.3666e+05,0
7.3666e+05,0
7.3666e+05,0
7.3666e+05,0
7.3666e+05,0
7.3666e+05,0
7.3666e+05,0
7.3666e+05,0
7.3666e+05,0
7.3666e+05,0
7.3666e+05,0
7.3666e+05,0
7.3666e+05,0.19667
7.3666e+05,88.96
7.3666e+05,211.95
7.3666e+05,770.85
7.3666e+05,885.6
7.3666e+05,1575.8
7.3666e+05,606.27
7.3666e+05,417.54
7.3666e+05,95.488
7.3666e+05,1.9389
7.3666e+05,0
7.3666e+05,0
7.3666e+05,0
7.3666e+05,0
7.3666e+05,0
7.3666e+05,0
7.3666e+05,0
7.3666e+05,0
7.3666e+05,0
7.3666e+05,0
7.3666e+05,0
7.3666e+05,0
7.3666e+05,0
7.3666e+05,0
7.3666e+05,0
7.3666e+05,20.437
7.3666e+05,63.44
7.3666e+05,95.418
7.3666e+05,131.77
7.3666e+05,138.8
7.3666e+05,116.8
7.3666e+05,57.071
7.3666e+05,19.372
7.3666e+05,0
7.3666e+05,0
7.3666e+05,0
7.3666e+05,0
7.3666e+05,0
7.3666e+05,0
7.3666e+05,0
7.3666e+05,0
7.3666e+05,0
7.3666e+05,0
7.3666e+05,0
7.3666e+05,0
7.3666e+05,0
7.3666e+05,0
7.3666e+05,0
7.3666e+05,0
7.3666e+05,0
7.3666e+05,8.5693
7.3666e+05,56.015
7.3666e+05,85.734
7.3666e+05,74.434
7.3666e+05,98.745
7.3666e+05,21.273
7.3666e+05,2.4119
7.3666e+05,0
7.3666e+05,0
7.3666e+05,0
7.3666e+05,0
7.3666e+05,0
7.3666e+05,0
7.3666e+05,0
7.3666e+05,0
7.3666e+05,0
7.3666e+05,0
7.3666e+05,0
7.3666e+05,0
7.3666e+05,0
7.3666e+05,0
7.3666e+05,0
7.3666e+05,0
7.3666e+05,0
7.3666e+05,18.735
7.3666e+05,28.064
7.3666e+05,84.518
7.3666e+05,43.972
7.3666e+05,33.913
7.3666e+05,17.928
7.3666e+05,0
7.3666e+05,0
7.3666e+05,0
7.3666e+05,0
7.3666e+05,0
7.3666e+05,0
7.3666e+05,0
7.3666e+05,0
7.3666e+05,0
7.3666e+05,0
7.3666e+05,0
7.3666e+05,0
7.3666e+05,0
7.3666e+05,0
7.3666e+05,0
7.3666e+05,0
7.3666e+05,0
7.3666e+05,43.321
7.3666e+05,197.46
7.3666e+05,239.5
7.3666e+05,124.69
7.3666e+05,205.81
7.3666e+05,275.74
7.3666e+05,85.422
7.3666e+05,33.429
7.3666e+05,0
7.3666e+05,0
7.3666e+05,0
7.3666e+05,0
7.3666e+05,0
7.3666e+05,0
7.3666e+05,0
7.3666e+05,0
7.3666e+05,0
7.3666e+05,0
7.3666e+05,0
7.3666e+05,0
7.3666e+05,0
7.3666e+05,0
7.3666e+05,0
7.3666e+05,0
7.3666e+05,51.586
7.3666e+05,114.86
7.3666e+05,740.8
7.3666e+05,1668.6
7.3666e+05,1737.2
7.3666e+05,1276.7
7.3666e+05,203.52
7.3666e+05,132.55
7.3666e+05,10.25
7.3666e+05,0
7.3666e+05,0
7.3666e+05,0
7.3666e+05,0
7.3666e+05,0
7.3666e+05,0
7.3666e+05,0
7.3666e+05,0
7.3666e+05,0
7.3666e+05,0
7.3666e+05,0
7.3666e+05,0
7.3666e+05,0
7.3666e+05,0
7.3666e+05,0
7.3666e+05,47.043
7.3666e+05,113.39
7.3666e+05,745.83
7.3666e+05,1625.2
7.3666e+05,2038.7
7.3666e+05,1775.1
7.3666e+05,791.74
7.3666e+05,73.933
7.3666e+05,4.7916
7.3666e+05,0
7.3666e+05,0
7.3666e+05,0
7.3666e+05,0
7.3666e+05,0
7.3666e+05,0
7.3666e+05,0
7.3666e+05,0
7.3666e+05,0
7.3666e+05,0
7.3666e+05,0
7.3666e+05,0
7.3666e+05,0
7.3666e+05,0
7.3666e+05,0
7.3666e+05,64.856
7.3666e+05,151.46
7.3666e+05,677.77
7.3666e+05,1424.8
7.3666e+05,1955
7.3666e+05,1525.1
7.3666e+05,784.01
7.3666e+05,214.72
7.3666e+05,13.426
7.3666e+05,0
7.3666e+05,0
7.3666e+05,0
7.3666e+05,0
7.3666e+05,0
7.3666e+05,0
7.3666e+05,0
7.3666e+05,0
7.3667e+05,0
7.3667e+05,0
7.3667e+05,0
7.3667e+05,0
7.3667e+05,0
7.3667e+05,0
7.3667e+05,0
7.3667e+05,2.4524
7.3667e+05,59.914
7.3667e+05,130.86
7.3667e+05,273.61
7.3667e+05,312.73
7.3667e+05,364
7.3667e+05,210.62
7.3667e+05,115.64
7.3667e+05,6.4413
7.3667e+05,0
7.3667e+05,0
7.3667e+05,0
7.3667e+05,0
7.3667e+05,0
7.3667e+05,0
7.3667e+05,0
7.3667e+05,0
7.3667e+05,0
7.3667e+05,0
7.3667e+05,0
7.3667e+05,0
7.3667e+05,0
7.3667e+05,0
7.3667e+05,0
7.3667e+05,65.921
7.3667e+05,241.12
7.3667e+05,624.55
7.3667e+05,752.99
7.3667e+05,515.65
7.3667e+05,284.62
7.3667e+05,197.33
7.3667e+05,47.388
7.3667e+05,0
7.3667e+05,0
7.3667e+05,0
7.3667e+05,0
7.3667e+05,0
7.3667e+05,0
7.3667e+05,0
7.3667e+05,0
7.3667e+05,0
7.3667e+05,0
7.3667e+05,0
7.3667e+05,0
7.3667e+05,0
7.3667e+05,0
7.3667e+05,0
7.3667e+05,0
7.3667e+05,60.798
7.3667e+05,239.09
7.3667e+05,470.23
7.3667e+05,1029.3
7.3667e+05,1891.1
7.3667e+05,1591.8
7.3667e+05,251.75
7.3667e+05,145.88
7.3667e+05,5.0444
7.3667e+05,0
7.3667e+05,0
7.3667e+05,0
7.3667e+05,0
7.3667e+05,0
7.3667e+05,0
7.3667e+05,0
7.3667e+05,0
7.3667e+05,0
7.3667e+05,0
7.3667e+05,0
7.3667e+05,0
7.3667e+05,0
7.3667e+05,0
7.3667e+05,0
7.3667e+05,6.8562
7.3667e+05,68.168
7.3667e+05,100.48
7.3667e+05,133.65
7.3667e+05,140.01
7.3667e+05,118.46
7.3667e+05,72.663
7.3667e+05,17.808
7.3667e+05,0
7.3667e+05,0
7.3667e+05,0
7.3667e+05,0
7.3667e+05,0
7.3667e+05,0
7.3667e+05,0
7.3667e+05,0
7.3667e+05,0
7.3667e+05,0
7.3667e+05,0
7.3667e+05,0
7.3667e+05,0
7.3667e+05,0
7.3667e+05,0
7.3667e+05,0
7.3667e+05,44.076
7.3667e+05,270.39
7.3667e+05,623.24
7.3667e+05,1456.9
7.3667e+05,1866
7.3667e+05,1531.6
7.3667e+05,595.23
7.3667e+05,80.819
7.3667e+05,3.9709
7.3667e+05,0
7.3667e+05,0
7.3667e+05,0
7.3667e+05,0
7.3667e+05,0
7.3667e+05,0
7.3667e+05,0
7.3667e+05,0
7.3667e+05,0
7.3667e+05,0
7.3667e+05,0
7.3667e+05,0
7.3667e+05,0
7.3667e+05,0
7.3667e+05,0
7.3667e+05,33.3
7.3667e+05,101.63
7.3667e+05,600.49
7.3667e+05,1415.8
7.3667e+05,1825.1
7.3667e+05,1561.4
7.3667e+05,563.38
7.3667e+05,65.497
7.3667e+05,3.4856
7.3667e+05,0
7.3667e+05,0
7.3667e+05,0
7.3667e+05,0
7.3667e+05,0
7.3667e+05,0
7.3667e+05,0
7.3667e+05,0
7.3667e+05,0
7.3667e+05,0
7.3667e+05,0
7.3667e+05,0
7.3667e+05,0
7.3667e+05,0
7.3667e+05,0
7.3667e+05,89.414
7.3667e+05,209.27
7.3667e+05,702.05
7.3667e+05,1316.6
7.3667e+05,1863.4
7.3667e+05,1487
7.3667e+05,657.49
7.3667e+05,171.87
7.3667e+05,1.2233
7.3667e+05,0
7.3667e+05,0
7.3667e+05,0
7.3667e+05,0
7.3667e+05,0
7.3667e+05,0
7.3667e+05,0
7.3667e+05,0
7.3667e+05,0
7.3667e+05,0
7.3667e+05,0
7.3667e+05,0
7.3667e+05,0
7.3667e+05,0
7.3667e+05,0
7.3667e+05,33.871
7.3667e+05,91.359
7.3667e+05,545.43
7.3667e+05,1395.7
7.3667e+05,1852.3
7.3667e+05,1512.8
7.3667e+05,533
7.3667e+05,69.212
7.3667e+05,3.2117
7.3667e+05,0
7.3667e+05,0
7.3667e+05,0
7.3667e+05,0
7.3667e+05,0
7.3667e+05,0
7.3667e+05,0
7.3667e+05,0
7.3667e+05,0
7.3667e+05,0
7.3667e+05,0
7.3667e+05,0
7.3667e+05,0
7.3667e+05,0
7.3667e+05,0
7.3667e+05,55.796
7.3667e+05,167.62
7.3667e+05,663.19
7.3667e+05,1172.8
7.3667e+05,1590.3
7.3667e+05,479.45
7.3667e+05,274.16
7.3667e+05,47.192
7.3667e+05,0.4785
7.3667e+05,0
7.3667e+05,0
7.3667e+05,0
7.3667e+05,0
7.3667e+05,0
7.3667e+05,0
7.3667e+05,0
7.3667e+05,0
7.3667e+05,0
7.3667e+05,0
7.3667e+05,0
7.3667e+05,0
7.3667e+05,0
7.3667e+05,0
7.3667e+05,0
7.3667e+05,50.947
7.3667e+05,124.42
7.3667e+05,523.04
7.3667e+05,1317.8
7.3667e+05,1833.5
7.3667e+05,1548.4
7.3667e+05,616.5
7.3667e+05,49.326
7.3667e+05,2.8233
7.3667e+05,0
7.3667e+05,0
7.3667e+05,0
7.3667e+05,0
7.3667e+05,0
7.3667e+05,0
7.3667e+05,0
7.3667e+05,0
7.3668e+05,0
7.3668e+05,0
7.3668e+05,0
7.3668e+05,0
7.3668e+05,0
7.3668e+05,0
7.3668e+05,0
7.3668e+05,57.995
7.3668e+05,203.59
7.3668e+05,152.85
7.3668e+05,170.26
7.3668e+05,111.08
7.3668e+05,72.06
7.3668e+05,82.994
7.3668e+05,40.628
7.3668e+05,0.22842
7.3668e+05,0
7.3668e+05,0
7.3668e+05,0
7.3668e+05,0
7.3668e+05,0
7.3668e+05,0
7.3668e+05,0
7.3668e+05,0
7.3668e+05,0
7.3668e+05,0
7.3668e+05,0
7.3668e+05,0
7.3668e+05,0
7.3668e+05,0
7.3668e+05,0
7.3668e+05,0
7.3668e+05,24.57
7.3668e+05,49.058
7.3668e+05,74.507
7.3668e+05,82.329
7.3668e+05,152.55
7.3668e+05,522.69
7.3668e+05,57.098
7.3668e+05,0.025439
7.3668e+05,0
7.3668e+05,0
7.3668e+05,0
7.3668e+05,0
7.3668e+05,0
7.3668e+05,0
7.3668e+05,0
7.3668e+05,0
7.3668e+05,0
7.3668e+05,0
7.3668e+05,0
7.3668e+05,0
7.3668e+05,0
7.3668e+05,0
7.3668e+05,0
7.3668e+05,22.215
7.3668e+05,82.896
7.3668e+05,493.83
7.3668e+05,1321.7
7.3668e+05,1859.5
7.3668e+05,1480
7.3668e+05,604.67
7.3668e+05,118.54
7.3668e+05,3.0716
7.3668e+05,0
7.3668e+05,0
7.3668e+05,0
7.3668e+05,0
7.3668e+05,0
7.3668e+05,0
7.3668e+05,0
7.3668e+05,0
7.3668e+05,0
7.3668e+05,0
7.3668e+05,0
7.3668e+05,0
7.3668e+05,0
7.3668e+05,0
7.3668e+05,0
7.3668e+05,31.439
7.3668e+05,186.34
7.3668e+05,479.95
7.3668e+05,1078.7
7.3668e+05,1195.4
7.3668e+05,1504.8
7.3668e+05,616.52
7.3668e+05,156.97
7.3668e+05,5.8795
7.3668e+05,0
7.3668e+05,0
7.3668e+05,0
7.3668e+05,0
7.3668e+05,0
7.3668e+05,0
7.3668e+05,0
7.3668e+05,0
7.3668e+05,0
7.3668e+05,0
7.3668e+05,0
7.3668e+05,0
7.3668e+05,0
7.3668e+05,0
7.3668e+05,0
7.3668e+05,5.4407
7.3668e+05,63.338
7.3668e+05,152.46
7.3668e+05,220.28
7.3668e+05,190.45
7.3668e+05,141.22
7.3668e+05,85.939
7.3668e+05,20.367
7.3668e+05,0
7.3668e+05,0
7.3668e+05,0
7.3668e+05,0
7.3668e+05,0
7.3668e+05,0
7.3668e+05,0
7.3668e+05,0
7.3668e+05,0
7.3668e+05,0
7.3668e+05,0
7.3668e+05,0
7.3668e+05,0
7.3668e+05,0
7.3668e+05,0
7.3668e+05,0
7.3668e+05,0
7.3668e+05,37.193
7.3668e+05,105.53
7.3668e+05,168.84
7.3668e+05,196.26
7.3668e+05,181.03
7.3668e+05,117.24
7.3668e+05,35.081
7.3668e+05,0.11023
7.3668e+05,0
7.3668e+05,0
7.3668e+05,0
7.3668e+05,0
7.3668e+05,0
7.3668e+05,0
7.3668e+05,0
7.3668e+05,0
7.3668e+05,0
7.3668e+05,0
7.3668e+05,0
7.3668e+05,0
7.3668e+05,0
7.3668e+05,0
7.3668e+05,0
7.3668e+05,36.695
7.3668e+05,245.69
7.3668e+05,569.38
7.3668e+05,1095.7
7.3668e+05,1568
7.3668e+05,1408.5
7.3668e+05,548.09
7.3668e+05,162.7
7.3668e+05,4.5736
7.3668e+05,0
7.3668e+05,0
7.3668e+05,0
7.3668e+05,0
7.3668e+05,0
7.3668e+05,0
7.3668e+05,0
7.3668e+05,0
7.3668e+05,0
7.3668e+05,0
7.3668e+05,0
7.3668e+05,0
7.3668e+05,0
7.3668e+05,0
7.3668e+05,0
7.3668e+05,6.7298
7.3668e+05,130.25
7.3668e+05,189.98
7.3668e+05,274.27
7.3668e+05,238.9
7.3668e+05,122.51
7.3668e+05,36.755
7.3668e+05,10.167
7.3668e+05,0
7.3668e+05,0
7.3668e+05,0
7.3668e+05,0
7.3668e+05,0
7.3668e+05,0
7.3668e+05,0
7.3668e+05,0
7.3668e+05,0
7.3668e+05,0
7.3668e+05,0
7.3668e+05,0
7.3668e+05,0
7.3668e+05,0
7.3668e+05,0
7.3668e+05,0
7.3668e+05,0
7.3668e+05,32.271
7.3668e+05,88.55
7.3668e+05,120.89
7.3668e+05,137.6
7.3668e+05,138.29
7.3668e+05,69.911
7.3668e+05,10.661
7.3668e+05,0
7.3668e+05,0
7.3668e+05,0
7.3668e+05,0
7.3668e+05,0
7.3668e+05,0
7.3668e+05,0
7.3668e+05,0
7.3668e+05,0
7.3668e+05,0
7.3668e+05,0
7.3668e+05,0
7.3668e+05,0
7.3668e+05,0
7.3668e+05,0
7.3668e+05,0
7.3668e+05,10.199
7.3668e+05,90.449
7.3668e+05,174.89
7.3668e+05,243.13
7.3668e+05,295.15
7.3668e+05,152.05
7.3668e+05,105.96
7.3668e+05,26.974
7.3668e+05,0
7.3668e+05,0
7.3668e+05,0
7.3668e+05,0
7.3668e+05,0
7.3668e+05,0
7.3668e+05,0
7.3668e+05,0
7.3668e+05,0
7.3669e+05,0
7.3669e+05,0
7.3669e+05,0
7.3669e+05,0
7.3669e+05,0
7.3669e+05,0
7.3669e+05,0
7.3669e+05,0
7.3669e+05,40.718
7.3669e+05,92.078
7.3669e+05,116.2
7.3669e+05,125.46
7.3669e+05,143.06
7.3669e+05,89.717
7.3669e+05,34.407
7.3669e+05,0.26796
7.3669e+05,0
7.3669e+05,0
7.3669e+05,0
7.3669e+05,0
7.3669e+05,0
7.3669e+05,0
7.3669e+05,0
7.3669e+05,0
7.3669e+05,0
7.3669e+05,0
7.3669e+05,0
7.3669e+05,0
7.3669e+05,0
7.3669e+05,0
7.3669e+05,0
7.3669e+05,42.66
7.3669e+05,148.13
7.3669e+05,458.9
7.3669e+05,1085.3
7.3669e+05,1445.2
7.3669e+05,1473.9
7.3669e+05,596.1
7.3669e+05,108.06
7.3669e+05,7.8032
7.3669e+05,0
7.3669e+05,0
7.3669e+05,0
7.3669e+05,0
7.3669e+05,0
7.3669e+05,0
7.3669e+05,0
7.3669e+05,0
7.3669e+05,0
7.3669e+05,0
7.3669e+05,0
7.3669e+05,0
7.3669e+05,0
7.3669e+05,0
7.3669e+05,0
7.3669e+05,5.5019
7.3669e+05,132.63
7.3669e+05,96.805
7.3669e+05,288.61
7.3669e+05,294.73
7.3669e+05,265.52
7.3669e+05,143.22
7.3669e+05,24.895
7.3669e+05,0
7.3669e+05,0
7.3669e+05,0
7.3669e+05,0
7.3669e+05,0
7.3669e+05,0
7.3669e+05,0
7.3669e+05,0
7.3669e+05,0
7.3669e+05,0
7.3669e+05,0
7.3669e+05,0
7.3669e+05,0
7.3669e+05,0
7.3669e+05,0
7.3669e+05,0
7.3669e+05,46.21
7.3669e+05,156.42
7.3669e+05,365.25
7.3669e+05,271.98
7.3669e+05,253.69
7.3669e+05,238.99
7.3669e+05,111.17
7.3669e+05,28.589
7.3669e+05,0
7.3669e+05,0
7.3669e+05,0
7.3669e+05,0
7.3669e+05,0
7.3669e+05,0
7.3669e+05,0
7.3669e+05,0
7.3669e+05,0
7.3669e+05,0
7.3669e+05,0
7.3669e+05,0
7.3669e+05,0
7.3669e+05,0
7.3669e+05,0
7.3669e+05,0
7.3669e+05,10.014
7.3669e+05,58.794
7.3669e+05,95.397
7.3669e+05,165.64
7.3669e+05,149.68
7.3669e+05,227.06
7.3669e+05,231.92
7.3669e+05,69.124
7.3669e+05,0.904
7.3669e+05,0
7.3669e+05,0
7.3669e+05,0
7.3669e+05,0
7.3669e+05,0
7.3669e+05,0
7.3669e+05,0
7.3669e+05,0
7.3669e+05,0
7.3669e+05,0
7.3669e+05,0
7.3669e+05,0
7.3669e+05,0
7.3669e+05,0
7.3669e+05,0
7.3669e+05,27.852
7.3669e+05,169.28
7.3669e+05,411.35
7.3669e+05,1062
7.3669e+05,738.1
7.3669e+05,266.3
7.3669e+05,114.5
7.3669e+05,108.67
7.3669e+05,17.553
7.3669e+05,0
7.3669e+05,0
7.3669e+05,0
7.3669e+05,0
7.3669e+05,0
7.3669e+05,0
7.3669e+05,0
7.3669e+05,0
7.3669e+05,0
7.3669e+05,0
7.3669e+05,0
7.3669e+05,0
7.3669e+05,0
7.3669e+05,0
7.3669e+05,0
7.3669e+05,25.218
7.3669e+05,229.23
7.3669e+05,321.06
7.3669e+05,1082.8
7.3669e+05,842.89
7.3669e+05,416.13
7.3669e+05,405.45
7.3669e+05,33.211
7.3669e+05,0
7.3669e+05,0
7.3669e+05,0
7.3669e+05,0
7.3669e+05,0
7.3669e+05,0
7.3669e+05,0
7.3669e+05,0
7.3669e+05,0
7.3669e+05,0
7.3669e+05,0
7.3669e+05,0
7.3669e+05,0
7.3669e+05,0
7.3669e+05,0
7.3669e+05,0
7.3669e+05,21.099
7.3669e+05,95.296
7.3669e+05,85.254
7.3669e+05,220.07
7.3669e+05,659.64
7.3669e+05,744.75
7.3669e+05,523.31
7.3669e+05,236.91
7.3669e+05,12.552
7.3669e+05,0
7.3669e+05,0
7.3669e+05,0
7.3669e+05,0
7.3669e+05,0
7.3669e+05,0
7.3669e+05,0
7.3669e+05,0
7.3669e+05,0
7.3669e+05,0
7.3669e+05,0
7.3669e+05,0
7.3669e+05,0
7.3669e+05,0
7.3669e+05,0
7.3669e+05,21.386
7.3669e+05,127.34
7.3669e+05,419.83
7.3669e+05,1377.6
7.3669e+05,1832.6
7.3669e+05,1552.9
7.3669e+05,655.03
7.3669e+05,91.271
7.3669e+05,7.2071
7.3669e+05,0
7.3669e+05,0
7.3669e+05,0
7.3669e+05,0
7.3669e+05,0
7.3669e+05,0
7.3669e+05,0
7.3669e+05,0
7.3669e+05,0
7.3669e+05,0
7.3669e+05,0
7.3669e+05,0
7.3669e+05,0
7.3669e+05,0
7.3669e+05,0
7.3669e+05,21.057
7.3669e+05,92.84
7.3669e+05,451.14
7.3669e+05,1215.8
7.3669e+05,1875.8
7.3669e+05,1687.1
7.3669e+05,752.06
7.3669e+05,115.84
7.3669e+05,9.8313
7.3669e+05,0
7.3669e+05,0
7.3669e+05,0
7.3669e+05,0
7.3669e+05,0
7.3669e+05,0
7.3669e+05,0
7.3669e+05,NaN
